# System: 100CH3OH-CG
#    Step   Total energy, kJ/mol
        0  -1747.930
     1000  -1750.741
     2000  -1797.499
     3000  -1784.260
     4000  -1767.269
     5000  -1767.121
     6000  -1761.368
     7000  -1746.023
     8000  -1725.831
     9000  -1770.757
    10000  -1781.149
    11000  -1778.205
    12000  -1790.987
    13000  -1785.062
    14000  -1786.338
    15000  -1831.409
    16000  -1767.699
    17000  -1779.323
    18000  -1782.671
    19000  -1797.116
    20000  -1786.276
    21000  -1800.392
    22000  -1773.722
    23000  -1759.223
    24000  -1732.631
    25000  -1801.178
    26000  -1814.114
    27000  -1840.309
    28000  -1785.639
    29000  -1828.946
    30000  -1726.274
    31000  -1800.778
    32000  -1795.359
    33000  -1782.024
    34000  -1752.803
    35000  -1799.493
    36000  -1811.141
    37000  -1789.790
    38000  -1756.707
    39000  -1738.421
    40000  -1771.061
    41000  -1725.426
    42000  -1768.585
    43000  -1807.909
    44000  -1756.354
    45000  -1748.307
    46000  -1770.424
    47000  -1758.642
    48000  -1727.535
    49000  -1746.796
    50000  -1668.520
    51000  -1685.929
    52000  -1684.257
    53000  -1690.683
    54000  -1666.182
    55000  -1694.988
    56000  -1702.951
    57000  -1725.796
    58000  -1741.761
    59000  -1726.102
    60000  -1726.566
    61000  -1751.975
    62000  -1763.718
    63000  -1722.839
    64000  -1764.373
    65000  -1736.791
    66000  -1725.080
    67000  -1705.658
    68000  -1700.908
    69000  -1690.036
    70000  -1719.471
    71000  -1728.465
    72000  -1756.948
    73000  -1806.244
    74000  -1822.924
    75000  -1848.568
    76000  -1803.454
    77000  -1780.439
    78000  -1764.492
    79000  -1738.005
    80000  -1709.522
    81000  -1699.515
    82000  -1657.696
    83000  -1765.578
    84000  -1780.082
    85000  -1775.878
    86000  -1760.251
    87000  -1694.944
    88000  -1714.678
    89000  -1694.415
    90000  -1723.807
    91000  -1728.582
    92000  -1741.097
    93000  -1763.080
    94000  -1714.343
    95000  -1729.264
    96000  -1772.181
    97000  -1758.503
    98000  -1781.634
    99000  -1729.718
   100000  -1725.736
   101000  -1761.922
   102000  -1732.339
   103000  -1728.764
   104000  -1668.273
   105000  -1713.117
   106000  -1731.944
   107000  -1744.777
   108000  -1738.125
   109000  -1701.269
   110000  -1722.558
   111000  -1789.152
   112000  -1847.322
   113000  -1846.596
   114000  -1815.615
   115000  -1812.698
   116000  -1805.845
   117000  -1780.900
   118000  -1751.649
   119000  -1719.792
   120000  -1734.080
   121000  -1761.633
   122000  -1803.974
   123000  -1753.770
   124000  -1766.182
   125000  -1761.885
   126000  -1733.534
   127000  -1705.731
   128000  -1697.535
   129000  -1720.012
   130000  -1697.638
   131000  -1738.035
   132000  -1725.213
   133000  -1706.961
   134000  -1710.436
   135000  -1731.106
   136000  -1725.259
   137000  -1760.886
   138000  -1761.401
   139000  -1746.446
   140000  -1770.712
   141000  -1778.095
   142000  -1769.909
   143000  -1759.792
   144000  -1730.766
   145000  -1699.943
   146000  -1758.458
   147000  -1804.786
   148000  -1841.002
   149000  -1848.834
   150000  -1796.907
   151000  -1720.426
   152000  -1738.245
   153000  -1707.549
   154000  -1728.893
   155000  -1675.725
   156000  -1748.005
   157000  -1812.152
   158000  -1763.466
   159000  -1750.330
   160000  -1724.673
   161000  -1717.541
   162000  -1740.089
   163000  -1704.566
   164000  -1773.162
   165000  -1798.366
   166000  -1749.913
   167000  -1786.230
   168000  -1792.173
   169000  -1811.220
   170000  -1801.491
   171000  -1716.939
   172000  -1731.554
   173000  -1697.036
   174000  -1727.139
   175000  -1761.900
   176000  -1734.705
   177000  -1680.844
   178000  -1745.321
   179000  -1697.926
   180000  -1732.808
   181000  -1711.628
   182000  -1648.076
   183000  -1683.491
   184000  -1662.676
   185000  -1668.621
   186000  -1752.830
   187000  -1737.253
   188000  -1738.678
   189000  -1774.971
   190000  -1804.114
   191000  -1806.384
   192000  -1761.152
   193000  -1719.959
   194000  -1754.432
   195000  -1708.538
   196000  -1778.760
   197000  -1772.093
   198000  -1730.652
   199000  -1729.675
   200000  -1721.064
   201000  -1773.961
   202000  -1706.786
   203000  -1702.858
   204000  -1729.111
   205000  -1753.877
   206000  -1786.495
   207000  -1796.737
   208000  -1792.581
   209000  -1776.327
   210000  -1764.078
   211000  -1761.484
   212000  -1715.636
   213000  -1806.149
   214000  -1796.592
   215000  -1718.091
   216000  -1739.142
   217000  -1798.406
   218000  -1814.206
   219000  -1812.512
   220000  -1742.751
   221000  -1731.242
   222000  -1806.963
   223000  -1814.539
   224000  -1778.287
   225000  -1773.897
   226000  -1785.815
   227000  -1779.074
   228000  -1751.464
   229000  -1780.483
   230000  -1811.511
   231000  -1773.659
   232000  -1749.687
   233000  -1720.729
   234000  -1780.511
   235000  -1790.223
   236000  -1767.270
   237000  -1855.710
   238000  -1884.359
   239000  -1853.379
   240000  -1852.591
   241000  -1805.146
   242000  -1823.309
   243000  -1832.753
   244000  -1805.923
   245000  -1813.545
   246000  -1812.709
   247000  -1782.926
   248000  -1780.112
   249000  -1750.161
   250000  -1787.591
   251000  -1791.075
   252000  -1850.884
   253000  -1781.614
   254000  -1785.574
   255000  -1767.371
   256000  -1685.606
   257000  -1637.063
   258000  -1668.178
   259000  -1753.325
   260000  -1689.748
   261000  -1738.165
   262000  -1718.107
   263000  -1774.084
   264000  -1723.628
   265000  -1666.914
   266000  -1688.336
   267000  -1683.050
   268000  -1699.082
   269000  -1661.442
   270000  -1755.346
   271000  -1767.904
   272000  -1611.006
   273000  -1677.279
   274000  -1703.282
   275000  -1719.783
   276000  -1742.593
   277000  -1663.897
   278000  -1749.231
   279000  -1720.832
   280000  -1762.129
   281000  -1787.634
   282000  -1767.365
   283000  -1810.165
   284000  -1777.443
   285000  -1762.241
   286000  -1740.562
   287000  -1741.041
   288000  -1772.153
   289000  -1784.447
   290000  -1830.165
   291000  -1784.348
   292000  -1803.043
   293000  -1771.074
   294000  -1757.090
   295000  -1724.359
   296000  -1707.665
   297000  -1748.249
   298000  -1748.573
   299000  -1796.814
   300000  -1788.589
   301000  -1785.768
   302000  -1756.528
   303000  -1711.430
   304000  -1737.785
   305000  -1701.638
   306000  -1733.655
   307000  -1677.972
   308000  -1691.186
   309000  -1756.744
   310000  -1735.117
   311000  -1750.956
   312000  -1699.184
   313000  -1656.291
   314000  -1679.672
   315000  -1689.469
   316000  -1739.357
   317000  -1761.789
   318000  -1729.876
   319000  -1730.115
   320000  -1740.544
   321000  -1743.454
   322000  -1757.009
   323000  -1761.945
   324000  -1766.960
   325000  -1753.250
   326000  -1748.002
   327000  -1707.756
   328000  -1738.778
   329000  -1686.618
   330000  -1735.206
   331000  -1722.045
   332000  -1775.969
   333000  -1745.401
   334000  -1753.831
   335000  -1755.888
   336000  -1777.800
   337000  -1770.162
   338000  -1811.208
   339000  -1836.999
   340000  -1807.918
   341000  -1735.896
   342000  -1752.426
   343000  -1722.740
   344000  -1762.186
   345000  -1783.899
   346000  -1802.345
   347000  -1821.058
   348000  -1785.569
   349000  -1751.357
   350000  -1710.734
   351000  -1750.539
   352000  -1738.451
   353000  -1791.475
   354000  -1802.829
   355000  -1777.062
   356000  -1764.175
   357000  -1786.939
   358000  -1806.193
   359000  -1815.063
   360000  -1836.778
   361000  -1796.925
   362000  -1785.681
   363000  -1808.377
   364000  -1788.432
   365000  -1795.757
   366000  -1790.809
   367000  -1809.250
   368000  -1802.507
   369000  -1837.823
   370000  -1780.563
   371000  -1761.901
   372000  -1731.579
   373000  -1721.102
   374000  -1730.471
   375000  -1682.014
   376000  -1708.130
   377000  -1761.743
   378000  -1811.989
   379000  -1715.155
   380000  -1780.676
   381000  -1705.693
   382000  -1764.886
   383000  -1765.421
   384000  -1697.810
   385000  -1763.898
   386000  -1735.502
   387000  -1756.963
   388000  -1779.006
   389000  -1738.235
   390000  -1780.598
   391000  -1761.359
   392000  -1800.120
   393000  -1717.759
   394000  -1760.423
   395000  -1797.907
   396000  -1762.884
   397000  -1758.781
   398000  -1745.487
   399000  -1703.701
   400000  -1751.290
   401000  -1783.782
   402000  -1737.215
   403000  -1708.790
   404000  -1708.119
   405000  -1753.747
   406000  -1718.920
   407000  -1723.828
   408000  -1676.865
   409000  -1708.384
   410000  -1684.820
   411000  -1733.153
   412000  -1720.729
   413000  -1685.372
   414000  -1692.144
   415000  -1693.678
   416000  -1671.368
   417000  -1686.506
   418000  -1704.965
   419000  -1754.592
   420000  -1721.933
   421000  -1747.247
   422000  -1720.175
   423000  -1792.114
   424000  -1746.700
   425000  -1787.122
   426000  -1785.764
   427000  -1804.039
   428000  -1712.803
   429000  -1800.491
   430000  -1813.152
   431000  -1813.767
   432000  -1780.002
   433000  -1779.562
   434000  -1791.119
   435000  -1819.168
   436000  -1799.911
   437000  -1811.875
   438000  -1793.348
   439000  -1768.495
   440000  -1777.132
   441000  -1699.795
   442000  -1716.070
   443000  -1717.442
   444000  -1752.504
   445000  -1783.056
   446000  -1808.777
   447000  -1746.722
   448000  -1769.612
   449000  -1715.450
   450000  -1737.800
   451000  -1798.387
   452000  -1788.393
   453000  -1765.614
   454000  -1778.339
   455000  -1829.661
   456000  -1863.934
   457000  -1802.236
   458000  -1834.611
   459000  -1789.879
   460000  -1827.240
   461000  -1778.216
   462000  -1784.228
   463000  -1751.287
   464000  -1742.541
   465000  -1687.528
   466000  -1719.168
   467000  -1752.268
   468000  -1730.334
   469000  -1770.591
   470000  -1802.411
   471000  -1813.629
   472000  -1840.285
   473000  -1875.487
   474000  -1787.372
   475000  -1752.648
   476000  -1720.082
   477000  -1772.491
   478000  -1748.140
   479000  -1700.362
   480000  -1777.767
   481000  -1746.338
   482000  -1767.404
   483000  -1783.892
   484000  -1814.918
   485000  -1820.194
   486000  -1761.513
   487000  -1714.347
   488000  -1690.308
   489000  -1737.229
   490000  -1779.310
   491000  -1718.379
   492000  -1694.634
   493000  -1695.548
   494000  -1660.821
   495000  -1643.475
   496000  -1702.090
   497000  -1638.530
   498000  -1653.807
   499000  -1660.256
   500000  -1668.356
   501000  -1747.550
   502000  -1777.612
   503000  -1795.497
   504000  -1770.719
   505000  -1750.946
   506000  -1729.059
   507000  -1697.420
   508000  -1692.600
   509000  -1720.393
   510000  -1779.766
   511000  -1725.218
   512000  -1715.200
   513000  -1737.895
   514000  -1774.667
   515000  -1796.715
   516000  -1786.543
   517000  -1768.777
   518000  -1738.993
   519000  -1767.176
   520000  -1779.655
   521000  -1742.618
   522000  -1750.181
   523000  -1784.452
   524000  -1760.182
   525000  -1656.943
   526000  -1692.533
   527000  -1663.294
   528000  -1716.580
   529000  -1716.633
   530000  -1688.200
   531000  -1745.665
   532000  -1755.076
   533000  -1749.341
   534000  -1717.714
   535000  -1718.215
   536000  -1690.078
   537000  -1747.022
   538000  -1737.541
   539000  -1760.638
   540000  -1735.427
   541000  -1770.115
   542000  -1748.641
   543000  -1765.043
   544000  -1788.574
   545000  -1767.385
   546000  -1813.054
   547000  -1804.331
   548000  -1801.539
   549000  -1805.742
   550000  -1810.938
   551000  -1757.430
   552000  -1812.656
   553000  -1788.187
   554000  -1789.031
   555000  -1780.474
   556000  -1770.040
   557000  -1770.246
   558000  -1768.651
   559000  -1728.776
   560000  -1792.477
   561000  -1817.616
   562000  -1776.516
   563000  -1829.162
   564000  -1792.655
   565000  -1723.752
   566000  -1708.687
   567000  -1704.032
   568000  -1739.421
   569000  -1743.986
   570000  -1735.429
   571000  -1684.499
   572000  -1738.217
   573000  -1779.878
   574000  -1775.052
   575000  -1822.171
   576000  -1746.251
   577000  -1709.079
   578000  -1723.921
   579000  -1762.640
   580000  -1782.957
   581000  -1769.773
   582000  -1811.871
   583000  -1780.988
   584000  -1831.157
   585000  -1805.142
   586000  -1872.647
   587000  -1834.509
   588000  -1802.655
   589000  -1756.062
   590000  -1774.853
   591000  -1793.827
   592000  -1795.233
   593000  -1768.997
   594000  -1740.069
   595000  -1812.329
   596000  -1833.803
   597000  -1826.163
   598000  -1838.426
   599000  -1841.355
   600000  -1826.924
