# System: 100CH3OH-CG
#    Step   Total energy, kJ/mol
        0  -1747.930
     1000  -1776.100
     2000  -1804.729
     3000  -1815.686
     4000  -1821.930
     5000  -1789.582
     6000  -1779.878
     7000  -1769.838
     8000  -1774.070
     9000  -1788.476
    10000  -1749.967
    11000  -1756.834
    12000  -1757.255
    13000  -1742.745
    14000  -1766.129
    15000  -1778.292
    16000  -1780.565
    17000  -1770.197
    18000  -1757.467
    19000  -1753.041
    20000  -1758.853
    21000  -1756.890
    22000  -1753.188
    23000  -1765.180
    24000  -1753.442
    25000  -1749.249
    26000  -1732.503
    27000  -1770.317
    28000  -1769.565
    29000  -1791.060
    30000  -1803.170
    31000  -1783.175
    32000  -1770.853
    33000  -1767.109
    34000  -1755.261
    35000  -1778.964
    36000  -1759.725
    37000  -1746.371
    38000  -1782.502
    39000  -1758.031
    40000  -1774.108
    41000  -1747.399
    42000  -1757.956
    43000  -1759.645
    44000  -1792.685
    45000  -1789.710
    46000  -1773.792
    47000  -1772.687
    48000  -1735.971
    49000  -1771.258
    50000  -1793.925
    51000  -1782.896
    52000  -1792.320
    53000  -1790.697
    54000  -1795.469
    55000  -1802.277
    56000  -1784.323
    57000  -1784.201
    58000  -1770.476
    59000  -1749.765
    60000  -1768.184
    61000  -1766.815
    62000  -1770.797
    63000  -1755.689
    64000  -1753.625
    65000  -1768.654
    66000  -1754.432
    67000  -1772.607
    68000  -1740.389
    69000  -1760.571
    70000  -1759.545
    71000  -1774.969
    72000  -1756.563
    73000  -1762.802
    74000  -1771.500
    75000  -1786.681
    76000  -1780.944
    77000  -1755.405
    78000  -1749.996
    79000  -1762.653
    80000  -1721.051
    81000  -1731.322
    82000  -1745.152
    83000  -1720.676
    84000  -1732.983
    85000  -1748.001
    86000  -1777.632
    87000  -1787.624
    88000  -1797.517
    89000  -1789.296
    90000  -1772.836
    91000  -1776.551
    92000  -1753.652
    93000  -1736.009
    94000  -1738.631
    95000  -1749.791
    96000  -1754.677
    97000  -1771.226
    98000  -1736.125
    99000  -1729.657
   100000  -1727.952
   101000  -1730.744
   102000  -1722.638
   103000  -1756.852
   104000  -1763.686
   105000  -1763.890
   106000  -1744.174
   107000  -1742.742
   108000  -1769.207
   109000  -1757.121
   110000  -1775.590
   111000  -1790.716
   112000  -1785.766
   113000  -1782.926
   114000  -1760.810
   115000  -1787.177
   116000  -1782.969
   117000  -1807.919
   118000  -1778.050
   119000  -1758.965
   120000  -1775.599
   121000  -1764.586
   122000  -1752.522
   123000  -1760.127
   124000  -1762.915
   125000  -1748.742
   126000  -1766.475
   127000  -1753.535
   128000  -1725.330
   129000  -1729.223
   130000  -1734.215
   131000  -1752.967
   132000  -1781.200
   133000  -1789.929
   134000  -1784.799
   135000  -1777.269
   136000  -1808.574
   137000  -1780.658
   138000  -1755.498
   139000  -1766.525
   140000  -1786.058
   141000  -1773.890
   142000  -1762.811
   143000  -1761.413
   144000  -1776.444
   145000  -1778.410
   146000  -1768.000
   147000  -1800.892
   148000  -1781.097
   149000  -1742.308
   150000  -1780.457
   151000  -1802.009
   152000  -1810.417
   153000  -1767.840
   154000  -1782.281
   155000  -1793.620
   156000  -1810.139
   157000  -1810.465
   158000  -1806.602
   159000  -1817.930
   160000  -1784.402
   161000  -1761.222
   162000  -1776.785
   163000  -1766.169
   164000  -1782.296
   165000  -1785.966
   166000  -1795.212
   167000  -1764.887
   168000  -1782.995
   169000  -1747.243
   170000  -1740.714
   171000  -1777.917
   172000  -1765.431
   173000  -1768.842
   174000  -1772.236
   175000  -1759.312
   176000  -1785.394
   177000  -1779.240
   178000  -1780.690
   179000  -1763.463
   180000  -1753.017
   181000  -1751.114
   182000  -1745.866
   183000  -1717.932
   184000  -1742.633
   185000  -1758.227
   186000  -1768.517
   187000  -1758.611
   188000  -1799.456
   189000  -1763.406
   190000  -1795.009
   191000  -1795.588
   192000  -1785.754
   193000  -1768.997
   194000  -1774.153
   195000  -1790.799
   196000  -1784.452
   197000  -1791.412
   198000  -1788.455
   199000  -1817.760
   200000  -1788.570
   201000  -1757.530
   202000  -1760.126
   203000  -1769.889
   204000  -1773.639
   205000  -1767.592
   206000  -1790.241
   207000  -1786.239
   208000  -1777.251
   209000  -1748.831
   210000  -1764.850
   211000  -1762.816
   212000  -1770.378
   213000  -1756.525
   214000  -1773.646
   215000  -1760.069
   216000  -1726.141
   217000  -1743.441
   218000  -1739.630
   219000  -1745.228
   220000  -1748.227
   221000  -1748.282
   222000  -1747.441
   223000  -1754.890
   224000  -1767.217
   225000  -1783.560
   226000  -1781.861
   227000  -1766.544
   228000  -1745.618
   229000  -1754.939
   230000  -1732.740
   231000  -1735.994
   232000  -1756.520
   233000  -1751.089
   234000  -1753.154
   235000  -1768.248
   236000  -1795.234
   237000  -1749.747
   238000  -1767.573
   239000  -1751.958
   240000  -1749.952
   241000  -1774.831
   242000  -1782.359
   243000  -1788.959
   244000  -1819.392
   245000  -1767.136
   246000  -1764.235
   247000  -1758.799
   248000  -1775.419
   249000  -1780.063
   250000  -1775.523
   251000  -1793.950
   252000  -1784.026
   253000  -1797.073
   254000  -1774.588
   255000  -1753.651
   256000  -1740.714
   257000  -1750.104
   258000  -1765.121
   259000  -1735.390
   260000  -1763.889
   261000  -1758.068
   262000  -1788.530
   263000  -1776.687
   264000  -1793.838
   265000  -1776.645
   266000  -1791.965
   267000  -1790.474
   268000  -1783.192
   269000  -1764.887
   270000  -1770.176
   271000  -1789.994
   272000  -1791.093
   273000  -1788.719
   274000  -1804.133
   275000  -1815.811
   276000  -1804.282
   277000  -1772.347
   278000  -1755.410
   279000  -1763.249
   280000  -1772.507
   281000  -1766.065
   282000  -1766.094
   283000  -1776.338
   284000  -1777.225
   285000  -1784.409
   286000  -1807.472
   287000  -1790.639
   288000  -1770.328
   289000  -1758.904
   290000  -1796.176
   291000  -1785.082
   292000  -1797.353
   293000  -1772.235
   294000  -1780.916
   295000  -1774.293
   296000  -1796.149
   297000  -1766.685
   298000  -1753.810
   299000  -1762.167
   300000  -1777.859
   301000  -1772.949
   302000  -1786.862
   303000  -1755.866
   304000  -1731.607
   305000  -1764.952
   306000  -1754.796
   307000  -1732.457
   308000  -1762.697
   309000  -1762.374
   310000  -1759.677
   311000  -1732.687
   312000  -1751.659
   313000  -1783.489
   314000  -1754.108
   315000  -1779.608
   316000  -1770.497
   317000  -1790.139
   318000  -1779.795
   319000  -1787.034
   320000  -1783.002
   321000  -1748.242
   322000  -1736.348
   323000  -1744.728
   324000  -1764.949
   325000  -1763.798
   326000  -1783.258
   327000  -1779.029
   328000  -1774.264
   329000  -1780.427
   330000  -1762.056
   331000  -1784.922
   332000  -1759.626
   333000  -1770.357
   334000  -1768.071
   335000  -1758.010
   336000  -1749.697
   337000  -1778.206
   338000  -1759.114
   339000  -1755.227
   340000  -1763.354
   341000  -1775.860
   342000  -1767.502
   343000  -1765.548
   344000  -1780.902
   345000  -1772.311
   346000  -1765.376
   347000  -1754.861
   348000  -1755.458
   349000  -1764.740
   350000  -1758.564
   351000  -1734.010
   352000  -1743.586
   353000  -1775.753
   354000  -1751.369
   355000  -1740.407
   356000  -1744.952
   357000  -1755.021
   358000  -1775.094
   359000  -1773.556
   360000  -1809.990
   361000  -1787.445
   362000  -1760.143
   363000  -1740.557
   364000  -1728.411
   365000  -1744.924
   366000  -1755.687
   367000  -1778.099
   368000  -1773.346
   369000  -1777.983
   370000  -1766.707
   371000  -1785.026
   372000  -1777.379
   373000  -1778.867
   374000  -1768.704
   375000  -1791.930
   376000  -1789.776
   377000  -1813.267
   378000  -1793.530
   379000  -1786.927
   380000  -1774.376
   381000  -1774.293
   382000  -1774.442
   383000  -1786.826
   384000  -1803.517
   385000  -1795.967
   386000  -1780.849
   387000  -1779.022
   388000  -1793.574
   389000  -1790.062
   390000  -1789.526
   391000  -1772.616
   392000  -1768.894
   393000  -1828.063
   394000  -1805.403
   395000  -1811.224
   396000  -1785.097
   397000  -1752.775
   398000  -1780.727
   399000  -1740.681
   400000  -1769.680
   401000  -1781.742
   402000  -1803.372
   403000  -1778.582
   404000  -1778.279
   405000  -1784.261
   406000  -1797.771
   407000  -1776.293
   408000  -1772.808
   409000  -1722.411
   410000  -1750.901
   411000  -1765.760
   412000  -1778.861
   413000  -1785.170
   414000  -1777.577
   415000  -1779.233
   416000  -1803.969
   417000  -1790.003
   418000  -1782.980
   419000  -1779.587
   420000  -1761.071
   421000  -1767.328
   422000  -1771.013
   423000  -1767.929
   424000  -1753.235
   425000  -1766.688
   426000  -1779.844
   427000  -1775.855
   428000  -1774.452
   429000  -1776.743
   430000  -1790.062
   431000  -1783.967
   432000  -1790.118
   433000  -1792.815
   434000  -1770.744
   435000  -1766.546
   436000  -1754.338
   437000  -1756.341
   438000  -1754.131
   439000  -1764.106
   440000  -1733.348
   441000  -1770.224
   442000  -1776.529
   443000  -1792.620
   444000  -1765.862
   445000  -1744.860
   446000  -1766.730
   447000  -1765.062
   448000  -1750.016
   449000  -1733.941
   450000  -1761.034
   451000  -1735.838
   452000  -1721.176
   453000  -1757.584
   454000  -1757.770
   455000  -1732.627
   456000  -1746.608
   457000  -1750.498
   458000  -1750.324
   459000  -1753.742
   460000  -1760.399
   461000  -1755.691
   462000  -1800.745
   463000  -1795.551
   464000  -1774.830
   465000  -1766.102
   466000  -1771.115
   467000  -1759.564
   468000  -1751.022
   469000  -1753.871
   470000  -1745.981
   471000  -1763.787
   472000  -1720.486
   473000  -1709.488
   474000  -1718.875
   475000  -1735.383
   476000  -1768.695
   477000  -1763.244
   478000  -1766.070
   479000  -1761.512
   480000  -1776.379
   481000  -1758.936
   482000  -1784.676
   483000  -1781.001
   484000  -1757.667
   485000  -1774.959
   486000  -1760.655
   487000  -1766.901
   488000  -1762.850
   489000  -1767.560
   490000  -1769.491
   491000  -1795.229
   492000  -1777.354
   493000  -1745.109
   494000  -1748.189
   495000  -1774.803
   496000  -1788.582
   497000  -1790.762
   498000  -1781.411
   499000  -1788.412
   500000  -1791.251
