# System: 100CH3OH-CG
#    Step   Total energy, kJ/mol
        0  -1747.930
     1000  -1832.063
     2000  -1813.834
     3000  -1859.279
     4000  -1834.676
     5000  -1764.461
     6000  -1789.786
     7000  -1825.041
     8000  -1775.159
     9000  -1727.695
    10000  -1732.140
    11000  -1793.319
    12000  -1803.594
    13000  -1757.182
    14000  -1756.640
    15000  -1768.983
    16000  -1769.972
    17000  -1798.795
    18000  -1756.025
    19000  -1745.662
    20000  -1745.268
    21000  -1698.751
    22000  -1758.312
    23000  -1731.719
    24000  -1768.997
    25000  -1756.207
    26000  -1742.137
    27000  -1686.487
    28000  -1757.432
    29000  -1744.845
    30000  -1766.424
    31000  -1760.909
    32000  -1737.590
    33000  -1744.956
    34000  -1771.211
    35000  -1788.603
    36000  -1781.008
    37000  -1797.852
    38000  -1790.490
    39000  -1788.692
    40000  -1801.174
    41000  -1738.569
    42000  -1754.028
    43000  -1796.275
    44000  -1776.408
    45000  -1737.231
    46000  -1763.825
    47000  -1744.978
    48000  -1687.825
    49000  -1750.213
    50000  -1753.236
    51000  -1753.093
    52000  -1775.446
    53000  -1779.155
    54000  -1786.540
    55000  -1787.223
    56000  -1740.795
    57000  -1774.409
    58000  -1736.602
    59000  -1721.660
    60000  -1729.403
    61000  -1688.432
    62000  -1685.300
    63000  -1669.925
    64000  -1669.832
    65000  -1737.724
    66000  -1701.625
    67000  -1757.383
    68000  -1753.445
    69000  -1833.112
    70000  -1798.917
    71000  -1813.540
    72000  -1808.095
    73000  -1773.677
    74000  -1810.434
    75000  -1853.577
    76000  -1836.339
    77000  -1836.232
    78000  -1848.218
    79000  -1873.244
    80000  -1807.546
    81000  -1815.344
    82000  -1854.275
    83000  -1870.314
    84000  -1867.365
    85000  -1835.551
    86000  -1764.509
    87000  -1753.969
    88000  -1775.247
    89000  -1731.362
    90000  -1780.592
    91000  -1781.389
    92000  -1756.394
    93000  -1687.653
    94000  -1773.410
    95000  -1766.328
    96000  -1760.874
    97000  -1734.817
    98000  -1775.049
    99000  -1772.060
   100000  -1794.963
   101000  -1769.999
   102000  -1862.547
   103000  -1878.123
   104000  -1834.020
   105000  -1833.469
   106000  -1810.823
   107000  -1769.588
   108000  -1778.753
   109000  -1773.625
   110000  -1754.968
   111000  -1806.548
   112000  -1808.754
   113000  -1784.575
   114000  -1809.046
   115000  -1807.424
   116000  -1776.458
   117000  -1728.951
   118000  -1773.854
   119000  -1770.626
   120000  -1753.862
   121000  -1782.365
   122000  -1711.401
   123000  -1795.946
   124000  -1749.287
   125000  -1772.631
   126000  -1745.146
   127000  -1804.074
   128000  -1719.913
   129000  -1764.370
   130000  -1749.455
   131000  -1769.280
   132000  -1801.373
   133000  -1812.038
   134000  -1813.615
   135000  -1844.353
   136000  -1814.243
   137000  -1810.658
   138000  -1798.741
   139000  -1740.276
   140000  -1757.838
   141000  -1795.834
   142000  -1790.973
   143000  -1766.268
   144000  -1789.680
   145000  -1788.317
   146000  -1734.523
   147000  -1729.889
   148000  -1747.916
   149000  -1779.993
   150000  -1758.953
   151000  -1765.832
   152000  -1794.384
   153000  -1760.722
   154000  -1742.532
   155000  -1801.417
   156000  -1777.637
   157000  -1776.932
   158000  -1781.476
   159000  -1756.831
   160000  -1798.163
   161000  -1785.463
   162000  -1724.546
   163000  -1769.073
   164000  -1813.271
   165000  -1813.238
   166000  -1784.991
   167000  -1818.430
   168000  -1827.965
   169000  -1907.365
   170000  -1863.792
   171000  -1829.995
   172000  -1804.089
   173000  -1846.670
   174000  -1834.729
   175000  -1841.558
   176000  -1830.050
   177000  -1802.445
   178000  -1782.169
   179000  -1798.246
   180000  -1742.157
   181000  -1711.480
   182000  -1747.974
   183000  -1735.550
   184000  -1745.053
   185000  -1634.132
   186000  -1760.700
   187000  -1695.686
   188000  -1740.341
   189000  -1711.414
   190000  -1709.421
   191000  -1711.362
   192000  -1745.082
   193000  -1763.874
   194000  -1752.749
   195000  -1709.556
   196000  -1767.346
   197000  -1762.833
   198000  -1720.238
   199000  -1694.835
   200000  -1725.812
   201000  -1712.096
   202000  -1735.533
   203000  -1767.023
   204000  -1778.478
   205000  -1724.088
   206000  -1768.367
   207000  -1728.418
   208000  -1732.837
   209000  -1698.820
   210000  -1718.582
   211000  -1729.189
   212000  -1712.700
   213000  -1718.620
   214000  -1738.340
   215000  -1785.886
   216000  -1792.310
   217000  -1751.590
   218000  -1679.620
   219000  -1681.687
   220000  -1691.544
   221000  -1689.361
   222000  -1754.991
   223000  -1744.435
   224000  -1752.185
   225000  -1726.805
   226000  -1723.019
   227000  -1759.945
   228000  -1774.640
   229000  -1729.940
   230000  -1700.144
   231000  -1698.907
   232000  -1722.792
   233000  -1722.741
   234000  -1714.149
   235000  -1714.333
   236000  -1728.052
   237000  -1763.415
   238000  -1768.474
   239000  -1741.714
   240000  -1746.836
   241000  -1748.312
   242000  -1754.955
   243000  -1717.801
   244000  -1737.692
   245000  -1803.361
   246000  -1793.763
   247000  -1748.734
   248000  -1746.305
   249000  -1741.686
   250000  -1811.346
   251000  -1764.075
   252000  -1761.548
   253000  -1786.096
   254000  -1810.806
   255000  -1760.411
   256000  -1818.502
   257000  -1798.704
   258000  -1769.747
   259000  -1800.830
   260000  -1817.361
   261000  -1802.155
   262000  -1820.113
   263000  -1882.307
   264000  -1816.114
   265000  -1800.307
   266000  -1722.964
   267000  -1776.444
   268000  -1760.788
   269000  -1671.295
   270000  -1737.500
   271000  -1730.167
   272000  -1753.592
   273000  -1757.656
   274000  -1716.365
   275000  -1712.580
   276000  -1670.229
   277000  -1698.366
   278000  -1776.980
   279000  -1767.259
   280000  -1752.211
   281000  -1852.721
   282000  -1830.525
   283000  -1792.141
   284000  -1799.166
   285000  -1752.435
   286000  -1747.940
   287000  -1750.082
   288000  -1755.226
   289000  -1739.102
   290000  -1676.250
   291000  -1746.240
   292000  -1792.618
   293000  -1811.874
   294000  -1806.528
   295000  -1780.354
   296000  -1749.449
   297000  -1773.380
   298000  -1826.252
   299000  -1838.313
   300000  -1802.120
   301000  -1816.445
   302000  -1735.822
   303000  -1720.607
   304000  -1762.297
   305000  -1744.812
   306000  -1714.792
   307000  -1712.825
   308000  -1707.412
   309000  -1711.775
   310000  -1685.212
   311000  -1808.388
   312000  -1800.676
   313000  -1789.754
   314000  -1751.220
   315000  -1722.263
   316000  -1724.129
   317000  -1748.505
   318000  -1703.143
   319000  -1767.657
   320000  -1746.086
   321000  -1731.461
   322000  -1730.709
   323000  -1765.623
   324000  -1843.905
   325000  -1874.666
   326000  -1824.999
   327000  -1835.616
   328000  -1831.870
   329000  -1829.263
   330000  -1769.830
   331000  -1771.296
   332000  -1778.836
   333000  -1763.442
   334000  -1777.399
   335000  -1781.479
   336000  -1774.682
   337000  -1794.341
   338000  -1842.509
   339000  -1886.528
   340000  -1814.369
   341000  -1767.425
   342000  -1748.191
   343000  -1745.458
   344000  -1753.257
   345000  -1808.103
   346000  -1777.073
   347000  -1780.923
   348000  -1806.182
   349000  -1781.548
   350000  -1762.242
   351000  -1792.236
   352000  -1772.525
   353000  -1777.148
   354000  -1752.696
   355000  -1772.530
   356000  -1814.023
   357000  -1763.186
   358000  -1757.706
   359000  -1734.618
   360000  -1712.005
   361000  -1730.974
   362000  -1715.777
   363000  -1694.568
   364000  -1717.284
   365000  -1742.892
   366000  -1794.450
   367000  -1793.494
   368000  -1854.017
   369000  -1812.831
   370000  -1794.727
   371000  -1787.903
   372000  -1737.500
   373000  -1786.506
   374000  -1778.543
   375000  -1682.472
   376000  -1711.224
   377000  -1745.201
   378000  -1783.568
   379000  -1715.027
   380000  -1796.447
   381000  -1813.471
   382000  -1739.907
   383000  -1766.463
   384000  -1775.158
   385000  -1779.723
   386000  -1784.429
   387000  -1825.070
   388000  -1817.098
   389000  -1807.861
   390000  -1754.250
   391000  -1754.383
   392000  -1769.575
   393000  -1707.594
   394000  -1728.135
   395000  -1779.960
   396000  -1749.866
   397000  -1762.192
   398000  -1744.509
   399000  -1717.083
   400000  -1751.951
