# System: 100CH3OH-CG
#    Step   Total energy, kJ/mol
        0  -1747.930
     1000  -1797.637
     2000  -1762.822
     3000  -1714.078
     4000  -1762.901
     5000  -1826.954
     6000  -1850.067
     7000  -1839.993
     8000  -1784.202
     9000  -1806.321
    10000  -1779.353
    11000  -1789.474
    12000  -1829.820
    13000  -1813.078
    14000  -1791.474
    15000  -1811.774
    16000  -1730.714
    17000  -1753.002
    18000  -1819.442
    19000  -1802.654
    20000  -1842.568
    21000  -1844.882
    22000  -1841.215
    23000  -1821.915
    24000  -1832.909
    25000  -1807.262
    26000  -1801.791
    27000  -1766.015
    28000  -1811.174
    29000  -1761.507
    30000  -1773.615
    31000  -1774.727
    32000  -1827.763
    33000  -1808.111
    34000  -1810.475
    35000  -1804.719
    36000  -1804.411
    37000  -1792.648
    38000  -1782.395
    39000  -1719.913
    40000  -1800.628
    41000  -1773.411
    42000  -1825.665
    43000  -1770.057
    44000  -1753.431
    45000  -1782.358
    46000  -1762.215
    47000  -1768.348
    48000  -1780.487
    49000  -1809.652
    50000  -1754.041
    51000  -1733.684
    52000  -1688.037
    53000  -1690.650
    54000  -1718.832
    55000  -1700.752
    56000  -1735.202
    57000  -1705.086
    58000  -1707.307
    59000  -1760.986
    60000  -1767.820
    61000  -1792.855
    62000  -1854.188
    63000  -1816.188
    64000  -1812.111
    65000  -1788.225
    66000  -1810.230
    67000  -1804.868
    68000  -1792.632
    69000  -1793.852
    70000  -1817.406
    71000  -1840.343
    72000  -1817.063
    73000  -1780.801
    74000  -1755.894
    75000  -1719.642
    76000  -1777.421
    77000  -1761.701
    78000  -1805.670
    79000  -1751.795
    80000  -1752.723
    81000  -1748.494
    82000  -1715.117
    83000  -1680.057
    84000  -1728.083
    85000  -1749.018
    86000  -1798.920
    87000  -1738.381
    88000  -1763.071
    89000  -1758.836
    90000  -1687.101
    91000  -1709.778
    92000  -1747.882
    93000  -1729.473
    94000  -1729.148
    95000  -1720.873
    96000  -1744.463
    97000  -1714.003
    98000  -1746.976
    99000  -1719.309
   100000  -1725.369
   101000  -1749.144
   102000  -1706.204
   103000  -1750.374
   104000  -1672.873
   105000  -1717.806
   106000  -1744.974
   107000  -1799.368
   108000  -1808.333
   109000  -1734.459
   110000  -1706.653
   111000  -1725.923
   112000  -1772.767
   113000  -1772.278
   114000  -1799.801
   115000  -1800.893
   116000  -1747.417
   117000  -1843.437
   118000  -1866.790
   119000  -1865.336
   120000  -1842.120
   121000  -1818.559
   122000  -1804.057
   123000  -1809.832
   124000  -1780.850
   125000  -1737.172
   126000  -1715.117
   127000  -1687.053
   128000  -1735.916
   129000  -1821.777
   130000  -1746.046
   131000  -1747.557
   132000  -1763.677
   133000  -1813.856
   134000  -1765.546
   135000  -1747.220
   136000  -1724.663
   137000  -1699.973
   138000  -1702.398
   139000  -1689.273
   140000  -1640.597
   141000  -1717.722
   142000  -1713.497
   143000  -1758.708
   144000  -1776.412
   145000  -1804.923
   146000  -1794.166
   147000  -1825.778
   148000  -1818.240
   149000  -1816.945
   150000  -1768.786
   151000  -1752.025
   152000  -1755.041
   153000  -1774.471
   154000  -1839.360
   155000  -1764.154
   156000  -1777.193
   157000  -1803.855
   158000  -1826.454
   159000  -1865.184
   160000  -1834.025
   161000  -1778.549
   162000  -1755.753
   163000  -1762.643
   164000  -1767.422
   165000  -1741.605
   166000  -1697.991
   167000  -1766.419
   168000  -1785.244
   169000  -1771.383
   170000  -1898.777
   171000  -1862.839
   172000  -1841.882
   173000  -1835.443
   174000  -1813.497
   175000  -1803.442
   176000  -1829.199
   177000  -1796.029
   178000  -1755.793
   179000  -1733.304
   180000  -1763.789
   181000  -1773.442
   182000  -1747.251
   183000  -1819.370
   184000  -1773.385
   185000  -1803.575
   186000  -1829.303
   187000  -1798.664
   188000  -1800.748
   189000  -1804.799
   190000  -1767.340
   191000  -1759.793
   192000  -1743.469
   193000  -1735.145
   194000  -1704.128
   195000  -1747.632
   196000  -1794.633
   197000  -1736.833
   198000  -1712.140
   199000  -1695.286
   200000  -1697.113
   201000  -1688.029
   202000  -1710.519
   203000  -1729.768
   204000  -1752.049
   205000  -1713.247
   206000  -1714.507
   207000  -1715.784
   208000  -1776.730
   209000  -1761.468
   210000  -1800.839
   211000  -1762.053
   212000  -1788.785
   213000  -1804.209
   214000  -1816.635
   215000  -1803.004
   216000  -1752.228
   217000  -1787.552
   218000  -1781.096
   219000  -1718.540
   220000  -1694.931
   221000  -1640.294
   222000  -1673.309
   223000  -1729.641
   224000  -1746.924
   225000  -1724.034
   226000  -1776.108
   227000  -1761.282
   228000  -1744.759
   229000  -1713.165
   230000  -1733.825
   231000  -1771.786
   232000  -1695.005
   233000  -1696.554
   234000  -1734.148
   235000  -1744.995
   236000  -1740.424
   237000  -1691.488
   238000  -1742.421
   239000  -1675.896
   240000  -1706.055
   241000  -1707.107
   242000  -1746.664
   243000  -1751.538
   244000  -1726.439
   245000  -1717.221
   246000  -1732.201
   247000  -1715.200
   248000  -1756.206
   249000  -1747.491
   250000  -1810.639
   251000  -1763.377
   252000  -1765.191
   253000  -1797.568
   254000  -1780.982
   255000  -1749.449
   256000  -1792.081
   257000  -1808.344
   258000  -1759.384
   259000  -1721.496
   260000  -1770.419
   261000  -1766.231
   262000  -1748.388
   263000  -1791.711
   264000  -1759.810
   265000  -1718.687
   266000  -1696.944
   267000  -1713.433
   268000  -1667.031
   269000  -1725.479
   270000  -1721.600
   271000  -1773.444
   272000  -1822.678
   273000  -1771.255
   274000  -1768.649
   275000  -1816.703
   276000  -1830.403
   277000  -1777.129
   278000  -1757.439
   279000  -1771.687
   280000  -1784.636
   281000  -1766.731
   282000  -1804.514
   283000  -1820.540
   284000  -1777.016
   285000  -1739.335
   286000  -1711.940
   287000  -1735.712
   288000  -1722.244
   289000  -1764.491
   290000  -1766.885
   291000  -1868.922
   292000  -1782.542
   293000  -1775.971
   294000  -1804.390
   295000  -1813.842
   296000  -1764.484
   297000  -1699.540
   298000  -1742.256
   299000  -1769.724
   300000  -1811.490
   301000  -1713.551
   302000  -1782.901
   303000  -1782.481
   304000  -1798.353
   305000  -1767.095
   306000  -1764.711
   307000  -1764.926
   308000  -1782.405
   309000  -1805.923
   310000  -1745.393
   311000  -1707.898
   312000  -1689.306
   313000  -1744.308
   314000  -1678.133
   315000  -1670.662
   316000  -1717.994
   317000  -1678.367
   318000  -1683.335
   319000  -1702.180
   320000  -1750.683
   321000  -1716.509
   322000  -1752.921
   323000  -1743.058
   324000  -1779.424
   325000  -1738.074
   326000  -1779.801
   327000  -1795.625
   328000  -1874.404
   329000  -1844.731
   330000  -1875.673
   331000  -1864.858
   332000  -1801.566
   333000  -1778.422
   334000  -1756.481
   335000  -1758.200
   336000  -1765.581
   337000  -1771.087
   338000  -1754.125
   339000  -1816.613
   340000  -1740.902
   341000  -1851.951
   342000  -1798.206
   343000  -1760.832
   344000  -1812.798
   345000  -1824.157
   346000  -1795.766
   347000  -1769.881
   348000  -1747.008
   349000  -1747.627
   350000  -1732.280
   351000  -1774.937
   352000  -1799.443
   353000  -1805.910
   354000  -1757.177
   355000  -1779.406
   356000  -1762.320
   357000  -1778.823
   358000  -1779.872
   359000  -1751.987
   360000  -1794.975
   361000  -1802.341
   362000  -1793.217
   363000  -1796.791
   364000  -1783.482
   365000  -1751.363
   366000  -1784.950
   367000  -1830.165
   368000  -1801.482
   369000  -1776.051
   370000  -1766.812
   371000  -1738.505
   372000  -1801.061
   373000  -1789.687
   374000  -1805.091
   375000  -1827.341
   376000  -1822.741
   377000  -1773.584
   378000  -1756.691
   379000  -1770.788
   380000  -1749.846
   381000  -1726.833
   382000  -1742.897
   383000  -1761.297
   384000  -1768.883
   385000  -1764.164
   386000  -1740.391
   387000  -1800.057
   388000  -1793.639
   389000  -1789.820
   390000  -1779.832
   391000  -1766.468
   392000  -1800.739
   393000  -1778.077
   394000  -1793.546
   395000  -1787.457
   396000  -1811.040
   397000  -1840.139
   398000  -1808.939
   399000  -1784.181
   400000  -1793.573
   401000  -1824.878
   402000  -1833.956
   403000  -1817.439
   404000  -1780.699
   405000  -1764.349
   406000  -1806.830
   407000  -1772.670
   408000  -1743.107
   409000  -1810.202
   410000  -1803.164
   411000  -1801.231
   412000  -1818.350
   413000  -1841.140
   414000  -1794.046
   415000  -1841.053
   416000  -1784.466
   417000  -1725.312
   418000  -1726.044
   419000  -1804.563
   420000  -1804.238
   421000  -1812.318
   422000  -1767.128
   423000  -1815.621
   424000  -1794.021
   425000  -1762.119
   426000  -1753.350
   427000  -1789.554
   428000  -1770.645
   429000  -1736.234
   430000  -1772.110
   431000  -1769.154
   432000  -1719.341
   433000  -1729.516
   434000  -1714.643
   435000  -1743.792
   436000  -1699.068
   437000  -1766.108
   438000  -1825.692
   439000  -1857.644
   440000  -1822.884
   441000  -1755.012
   442000  -1729.060
   443000  -1686.107
   444000  -1667.976
   445000  -1700.585
   446000  -1677.068
   447000  -1673.002
   448000  -1667.672
   449000  -1733.607
   450000  -1732.760
   451000  -1736.952
   452000  -1782.668
   453000  -1714.094
   454000  -1770.386
   455000  -1713.850
   456000  -1719.303
   457000  -1776.813
   458000  -1805.198
   459000  -1788.184
   460000  -1795.645
   461000  -1814.195
   462000  -1785.177
   463000  -1764.128
   464000  -1703.644
   465000  -1685.972
   466000  -1729.354
   467000  -1758.121
   468000  -1660.133
   469000  -1617.335
   470000  -1630.545
   471000  -1628.903
   472000  -1698.434
   473000  -1754.039
   474000  -1723.230
   475000  -1725.633
   476000  -1777.093
   477000  -1781.134
   478000  -1783.530
   479000  -1764.444
   480000  -1814.057
   481000  -1738.159
   482000  -1737.611
   483000  -1760.931
   484000  -1774.230
   485000  -1720.525
   486000  -1702.588
   487000  -1678.690
   488000  -1688.062
   489000  -1754.333
   490000  -1770.684
   491000  -1721.097
   492000  -1755.749
   493000  -1733.379
   494000  -1753.656
   495000  -1752.908
   496000  -1741.783
   497000  -1754.834
   498000  -1748.100
   499000  -1813.820
   500000  -1781.320
   501000  -1808.667
   502000  -1817.377
   503000  -1814.787
   504000  -1778.879
   505000  -1757.880
   506000  -1798.460
   507000  -1798.653
   508000  -1836.265
   509000  -1823.642
   510000  -1793.940
   511000  -1814.667
   512000  -1807.303
   513000  -1757.194
   514000  -1772.123
   515000  -1807.143
   516000  -1861.278
   517000  -1774.185
   518000  -1730.460
   519000  -1704.805
   520000  -1743.278
   521000  -1722.914
   522000  -1746.505
   523000  -1746.626
   524000  -1756.216
   525000  -1634.164
   526000  -1735.114
   527000  -1737.595
   528000  -1730.912
   529000  -1713.877
   530000  -1693.238
   531000  -1721.460
   532000  -1813.484
   533000  -1785.805
   534000  -1777.639
   535000  -1855.727
   536000  -1870.968
   537000  -1878.496
   538000  -1818.147
   539000  -1820.591
   540000  -1775.567
   541000  -1745.072
   542000  -1749.899
   543000  -1809.157
   544000  -1864.206
   545000  -1821.719
   546000  -1856.240
   547000  -1825.239
   548000  -1798.179
   549000  -1805.763
   550000  -1801.841
   551000  -1755.023
   552000  -1759.219
   553000  -1760.725
   554000  -1744.024
   555000  -1698.658
   556000  -1725.056
   557000  -1713.773
   558000  -1699.411
   559000  -1736.595
   560000  -1745.168
   561000  -1758.977
   562000  -1723.099
   563000  -1785.546
   564000  -1766.508
   565000  -1730.593
   566000  -1765.434
   567000  -1789.526
   568000  -1763.603
   569000  -1722.694
   570000  -1686.588
   571000  -1743.637
   572000  -1770.532
   573000  -1725.248
   574000  -1745.391
   575000  -1679.621
   576000  -1647.596
   577000  -1717.705
   578000  -1770.217
   579000  -1733.972
   580000  -1814.251
   581000  -1788.721
   582000  -1805.034
   583000  -1783.486
   584000  -1795.371
   585000  -1746.358
   586000  -1720.338
   587000  -1803.032
   588000  -1846.242
   589000  -1805.293
   590000  -1788.189
   591000  -1773.625
   592000  -1764.091
   593000  -1785.990
   594000  -1806.285
   595000  -1823.585
   596000  -1841.260
   597000  -1778.811
   598000  -1770.591
   599000  -1768.808
   600000  -1791.437
   601000  -1776.947
   602000  -1813.243
   603000  -1775.065
   604000  -1800.933
   605000  -1781.915
   606000  -1762.428
   607000  -1754.553
   608000  -1821.131
   609000  -1829.936
   610000  -1804.124
   611000  -1823.229
   612000  -1780.054
   613000  -1773.317
   614000  -1750.195
   615000  -1788.704
   616000  -1792.504
   617000  -1838.020
   618000  -1871.601
   619000  -1873.693
   620000  -1865.314
   621000  -1852.442
   622000  -1869.693
   623000  -1802.004
   624000  -1828.488
   625000  -1852.384
   626000  -1827.284
   627000  -1863.654
   628000  -1839.595
   629000  -1856.897
   630000  -1824.281
   631000  -1831.693
   632000  -1887.834
   633000  -1874.213
   634000  -1848.600
   635000  -1866.983
   636000  -1844.831
   637000  -1832.471
   638000  -1864.628
   639000  -1798.083
   640000  -1780.837
   641000  -1819.311
   642000  -1804.718
   643000  -1864.480
   644000  -1890.808
   645000  -1809.218
   646000  -1803.740
   647000  -1795.405
   648000  -1741.889
   649000  -1800.597
   650000  -1810.807
   651000  -1764.049
   652000  -1772.946
   653000  -1759.055
   654000  -1782.250
   655000  -1820.743
   656000  -1842.853
   657000  -1820.000
   658000  -1860.125
   659000  -1806.321
   660000  -1718.759
   661000  -1714.511
   662000  -1760.389
   663000  -1782.184
   664000  -1811.675
   665000  -1784.801
   666000  -1737.198
   667000  -1777.210
   668000  -1810.365
   669000  -1815.769
   670000  -1774.625
   671000  -1733.804
   672000  -1763.273
   673000  -1767.360
   674000  -1726.851
   675000  -1728.440
   676000  -1720.757
   677000  -1734.218
   678000  -1740.122
   679000  -1724.022
   680000  -1769.869
   681000  -1779.473
   682000  -1839.513
   683000  -1758.723
   684000  -1836.967
   685000  -1821.673
   686000  -1836.901
   687000  -1830.300
   688000  -1837.678
   689000  -1826.981
   690000  -1822.667
   691000  -1763.376
   692000  -1746.517
   693000  -1744.066
   694000  -1773.187
   695000  -1810.870
   696000  -1804.473
   697000  -1786.355
   698000  -1799.785
   699000  -1720.835
   700000  -1694.317
   701000  -1722.705
   702000  -1762.769
   703000  -1799.166
   704000  -1765.945
   705000  -1784.226
   706000  -1729.016
   707000  -1751.933
   708000  -1804.372
   709000  -1763.850
   710000  -1765.148
   711000  -1792.085
   712000  -1735.418
   713000  -1760.617
   714000  -1756.889
   715000  -1733.774
   716000  -1775.080
   717000  -1799.383
   718000  -1804.917
   719000  -1724.349
   720000  -1720.251
   721000  -1747.375
   722000  -1769.328
   723000  -1765.417
   724000  -1756.744
   725000  -1765.538
   726000  -1744.773
   727000  -1767.573
   728000  -1788.333
   729000  -1785.031
   730000  -1764.200
   731000  -1775.811
   732000  -1800.431
   733000  -1734.906
   734000  -1771.531
   735000  -1777.967
   736000  -1820.942
   737000  -1746.842
   738000  -1781.387
   739000  -1745.577
   740000  -1701.184
   741000  -1748.259
   742000  -1800.247
   743000  -1793.793
   744000  -1853.292
   745000  -1830.563
   746000  -1862.612
   747000  -1866.069
   748000  -1820.085
   749000  -1839.061
   750000  -1782.940
   751000  -1737.174
   752000  -1800.024
   753000  -1803.270
   754000  -1770.667
   755000  -1753.763
   756000  -1757.376
   757000  -1779.329
   758000  -1813.599
   759000  -1759.951
   760000  -1739.123
   761000  -1776.977
   762000  -1781.139
   763000  -1760.418
   764000  -1688.661
   765000  -1676.365
   766000  -1743.017
   767000  -1817.302
   768000  -1830.612
   769000  -1805.840
   770000  -1746.967
   771000  -1790.073
   772000  -1829.258
   773000  -1760.767
   774000  -1759.979
   775000  -1723.322
   776000  -1691.085
   777000  -1673.699
   778000  -1642.097
   779000  -1759.528
   780000  -1738.081
   781000  -1796.443
   782000  -1780.986
   783000  -1731.206
   784000  -1759.832
   785000  -1740.717
   786000  -1756.197
   787000  -1799.670
   788000  -1793.235
   789000  -1762.459
   790000  -1765.725
   791000  -1739.112
   792000  -1757.896
   793000  -1772.198
   794000  -1771.592
   795000  -1780.513
   796000  -1817.065
   797000  -1718.158
   798000  -1721.318
   799000  -1729.930
   800000  -1741.190
   801000  -1761.919
   802000  -1718.561
   803000  -1762.938
   804000  -1751.228
   805000  -1746.733
   806000  -1748.479
   807000  -1740.909
   808000  -1769.203
   809000  -1810.103
   810000  -1744.961
   811000  -1755.564
   812000  -1750.620
   813000  -1709.948
   814000  -1788.878
   815000  -1789.458
   816000  -1742.854
   817000  -1773.879
   818000  -1741.851
   819000  -1749.513
   820000  -1806.778
   821000  -1814.093
   822000  -1844.833
   823000  -1786.384
   824000  -1798.834
   825000  -1813.477
   826000  -1817.569
   827000  -1822.736
   828000  -1759.439
   829000  -1765.759
   830000  -1794.913
   831000  -1764.357
   832000  -1763.290
   833000  -1770.915
   834000  -1779.412
   835000  -1724.397
   836000  -1725.384
   837000  -1793.437
   838000  -1768.965
   839000  -1775.077
   840000  -1739.671
   841000  -1758.988
   842000  -1742.673
   843000  -1743.778
   844000  -1758.033
   845000  -1702.527
   846000  -1709.212
   847000  -1695.328
   848000  -1745.198
   849000  -1720.551
   850000  -1766.389
   851000  -1758.246
   852000  -1786.269
   853000  -1812.289
   854000  -1804.004
   855000  -1788.842
   856000  -1786.923
   857000  -1699.798
   858000  -1710.346
   859000  -1721.198
   860000  -1764.038
   861000  -1805.701
   862000  -1693.166
   863000  -1709.783
   864000  -1785.372
   865000  -1823.952
   866000  -1759.166
   867000  -1734.654
   868000  -1717.061
   869000  -1752.182
   870000  -1770.483
   871000  -1720.268
   872000  -1810.035
   873000  -1842.886
   874000  -1857.776
   875000  -1890.647
   876000  -1842.581
   877000  -1855.533
   878000  -1822.269
   879000  -1811.602
   880000  -1824.680
   881000  -1797.405
   882000  -1750.234
   883000  -1767.890
   884000  -1748.530
   885000  -1723.085
   886000  -1712.558
   887000  -1716.852
   888000  -1665.344
   889000  -1689.996
   890000  -1669.440
   891000  -1720.034
   892000  -1726.785
   893000  -1741.996
   894000  -1790.453
   895000  -1715.880
   896000  -1782.526
   897000  -1765.542
   898000  -1738.966
   899000  -1741.037
   900000  -1755.752
   901000  -1756.740
   902000  -1780.788
   903000  -1752.506
   904000  -1783.583
   905000  -1790.840
   906000  -1800.269
   907000  -1843.757
   908000  -1831.407
   909000  -1797.088
   910000  -1836.298
   911000  -1781.473
   912000  -1727.178
   913000  -1739.584
   914000  -1765.869
   915000  -1742.950
   916000  -1798.186
   917000  -1786.828
   918000  -1710.666
   919000  -1684.403
   920000  -1719.876
   921000  -1715.431
   922000  -1810.066
   923000  -1804.468
   924000  -1776.227
   925000  -1760.727
   926000  -1775.001
   927000  -1767.514
   928000  -1719.410
   929000  -1665.800
   930000  -1717.250
   931000  -1774.805
   932000  -1781.561
   933000  -1742.614
   934000  -1730.717
   935000  -1720.207
   936000  -1745.632
   937000  -1760.948
   938000  -1797.651
   939000  -1804.906
   940000  -1775.867
   941000  -1790.345
   942000  -1766.171
   943000  -1764.569
   944000  -1728.464
   945000  -1690.457
   946000  -1713.875
   947000  -1710.660
   948000  -1732.765
   949000  -1699.466
   950000  -1734.936
   951000  -1728.697
   952000  -1735.296
   953000  -1744.802
   954000  -1706.442
   955000  -1697.000
   956000  -1702.575
   957000  -1721.867
   958000  -1802.315
   959000  -1781.508
   960000  -1840.845
   961000  -1803.216
   962000  -1741.588
   963000  -1726.264
   964000  -1763.651
   965000  -1745.105
   966000  -1729.283
   967000  -1799.903
   968000  -1790.454
   969000  -1845.180
   970000  -1875.383
   971000  -1837.642
   972000  -1809.179
   973000  -1771.337
   974000  -1801.278
   975000  -1770.732
   976000  -1751.716
   977000  -1694.944
   978000  -1737.577
   979000  -1699.060
   980000  -1762.699
   981000  -1777.120
   982000  -1775.290
   983000  -1755.406
   984000  -1774.936
   985000  -1779.161
   986000  -1779.961
   987000  -1797.348
   988000  -1745.619
   989000  -1742.426
   990000  -1694.678
   991000  -1715.498
   992000  -1680.062
   993000  -1690.441
   994000  -1793.581
   995000  -1782.379
   996000  -1748.920
   997000  -1726.022
   998000  -1714.612
   999000  -1701.026
  1000000  -1776.637
