# System: 100CH3OH-CG
#    Step   Total energy, kJ/mol
        0  -1747.930
     1000  -1784.562
     2000  -1764.116
     3000  -1785.994
     4000  -1749.556
     5000  -1730.919
     6000  -1743.870
     7000  -1751.587
     8000  -1783.946
     9000  -1778.129
    10000  -1815.251
    11000  -1839.310
    12000  -1836.094
    13000  -1871.386
    14000  -1778.439
    15000  -1753.635
    16000  -1786.161
    17000  -1833.091
    18000  -1755.117
    19000  -1770.651
    20000  -1839.226
    21000  -1774.594
    22000  -1814.657
    23000  -1894.207
    24000  -1877.428
    25000  -1864.272
    26000  -1835.084
    27000  -1761.716
    28000  -1753.420
    29000  -1748.070
    30000  -1721.282
    31000  -1772.690
    32000  -1781.382
    33000  -1820.041
    34000  -1792.197
    35000  -1775.023
    36000  -1769.509
    37000  -1757.083
    38000  -1723.563
    39000  -1799.813
    40000  -1766.423
    41000  -1739.233
    42000  -1753.889
    43000  -1743.933
    44000  -1775.897
    45000  -1821.293
    46000  -1804.161
    47000  -1856.394
    48000  -1807.768
    49000  -1748.536
    50000  -1788.048
    51000  -1759.625
    52000  -1711.809
    53000  -1744.720
    54000  -1683.019
    55000  -1688.767
    56000  -1742.265
    57000  -1688.894
    58000  -1719.840
    59000  -1710.568
    60000  -1725.947
    61000  -1750.948
    62000  -1740.178
    63000  -1735.290
    64000  -1714.743
    65000  -1668.802
    66000  -1737.801
    67000  -1730.692
    68000  -1725.999
    69000  -1669.496
    70000  -1728.252
    71000  -1737.701
    72000  -1723.675
    73000  -1744.523
    74000  -1776.634
    75000  -1720.689
    76000  -1773.296
    77000  -1750.255
    78000  -1752.281
    79000  -1769.433
    80000  -1743.728
    81000  -1727.582
    82000  -1743.248
    83000  -1730.445
    84000  -1731.197
    85000  -1763.579
    86000  -1797.404
    87000  -1760.678
    88000  -1717.074
    89000  -1716.628
    90000  -1665.897
    91000  -1723.010
    92000  -1773.846
    93000  -1752.528
    94000  -1799.182
    95000  -1714.149
    96000  -1712.459
    97000  -1773.494
    98000  -1778.491
    99000  -1702.362
   100000  -1700.279
   101000  -1695.125
   102000  -1721.713
   103000  -1734.584
   104000  -1732.295
   105000  -1710.624
   106000  -1752.988
   107000  -1717.335
   108000  -1785.617
   109000  -1792.650
   110000  -1833.699
   111000  -1903.408
   112000  -1828.328
   113000  -1772.825
   114000  -1766.261
   115000  -1754.857
   116000  -1825.578
   117000  -1819.875
   118000  -1835.578
   119000  -1760.048
   120000  -1748.551
   121000  -1723.188
   122000  -1733.053
   123000  -1738.606
   124000  -1747.687
   125000  -1745.767
   126000  -1707.356
   127000  -1765.941
   128000  -1755.650
   129000  -1735.767
   130000  -1719.862
   131000  -1777.875
   132000  -1758.887
   133000  -1734.436
   134000  -1738.830
   135000  -1728.530
   136000  -1728.259
   137000  -1799.754
   138000  -1775.216
   139000  -1784.756
   140000  -1691.065
   141000  -1742.796
   142000  -1796.431
   143000  -1761.965
   144000  -1766.404
   145000  -1800.295
   146000  -1802.361
   147000  -1795.450
   148000  -1802.673
   149000  -1771.033
   150000  -1830.723
   151000  -1834.831
   152000  -1845.657
   153000  -1884.230
   154000  -1848.854
   155000  -1785.152
   156000  -1768.388
   157000  -1735.393
   158000  -1751.103
   159000  -1798.067
   160000  -1750.184
   161000  -1695.621
   162000  -1727.094
   163000  -1755.617
   164000  -1794.735
   165000  -1761.521
   166000  -1822.800
   167000  -1801.788
   168000  -1780.698
   169000  -1755.345
   170000  -1721.145
   171000  -1769.157
   172000  -1800.267
   173000  -1788.986
   174000  -1867.992
   175000  -1786.408
   176000  -1778.429
   177000  -1790.186
   178000  -1748.735
   179000  -1732.637
   180000  -1764.613
   181000  -1753.577
   182000  -1761.585
   183000  -1785.248
   184000  -1777.084
   185000  -1732.841
   186000  -1764.213
   187000  -1770.299
   188000  -1774.635
   189000  -1732.787
   190000  -1752.074
   191000  -1791.916
   192000  -1781.038
   193000  -1783.369
   194000  -1807.474
   195000  -1779.278
   196000  -1819.965
   197000  -1859.942
   198000  -1821.393
   199000  -1882.313
   200000  -1835.612
   201000  -1819.260
   202000  -1732.386
   203000  -1759.200
   204000  -1748.674
   205000  -1736.301
   206000  -1699.566
   207000  -1691.715
   208000  -1710.924
   209000  -1763.346
   210000  -1716.517
   211000  -1747.352
   212000  -1736.683
   213000  -1766.080
   214000  -1761.775
   215000  -1747.026
   216000  -1728.394
   217000  -1733.587
   218000  -1778.439
   219000  -1774.007
   220000  -1772.152
   221000  -1758.332
   222000  -1708.698
   223000  -1744.193
   224000  -1750.191
   225000  -1749.300
   226000  -1735.364
   227000  -1785.197
   228000  -1745.915
   229000  -1733.770
   230000  -1753.148
   231000  -1732.339
   232000  -1744.238
   233000  -1716.411
   234000  -1731.271
   235000  -1706.325
   236000  -1740.095
   237000  -1688.219
   238000  -1713.607
   239000  -1764.492
   240000  -1767.406
   241000  -1742.115
   242000  -1777.632
   243000  -1783.004
   244000  -1746.866
   245000  -1743.598
   246000  -1701.527
   247000  -1721.217
   248000  -1795.935
   249000  -1766.154
   250000  -1758.408
   251000  -1777.373
   252000  -1779.677
   253000  -1814.804
   254000  -1871.121
   255000  -1835.843
   256000  -1763.581
   257000  -1752.319
   258000  -1738.431
   259000  -1793.265
   260000  -1740.174
   261000  -1793.207
   262000  -1726.997
   263000  -1789.788
   264000  -1852.531
   265000  -1817.787
   266000  -1809.103
   267000  -1814.580
   268000  -1776.441
   269000  -1809.800
   270000  -1774.425
   271000  -1797.957
   272000  -1735.336
   273000  -1747.742
   274000  -1771.369
   275000  -1801.926
   276000  -1825.515
   277000  -1793.506
   278000  -1768.648
   279000  -1796.588
   280000  -1792.654
   281000  -1813.494
   282000  -1773.776
   283000  -1753.074
   284000  -1757.405
   285000  -1710.476
   286000  -1674.978
   287000  -1703.028
   288000  -1732.938
   289000  -1811.443
   290000  -1764.454
   291000  -1781.534
   292000  -1766.262
   293000  -1708.830
   294000  -1648.679
   295000  -1660.608
   296000  -1704.905
   297000  -1722.885
   298000  -1780.692
   299000  -1756.755
   300000  -1750.856
   301000  -1722.313
   302000  -1759.264
   303000  -1760.963
   304000  -1757.523
   305000  -1811.775
   306000  -1754.983
   307000  -1742.786
   308000  -1734.683
   309000  -1737.940
   310000  -1765.321
   311000  -1717.875
   312000  -1756.498
   313000  -1788.685
   314000  -1759.181
   315000  -1739.673
   316000  -1717.158
   317000  -1767.432
   318000  -1776.820
   319000  -1841.755
   320000  -1811.118
   321000  -1800.244
   322000  -1810.607
   323000  -1831.535
   324000  -1769.999
   325000  -1787.313
   326000  -1752.283
   327000  -1768.623
   328000  -1776.320
   329000  -1787.899
   330000  -1785.948
   331000  -1834.280
   332000  -1779.413
   333000  -1791.313
   334000  -1774.247
   335000  -1787.232
   336000  -1781.924
   337000  -1721.530
   338000  -1691.694
   339000  -1776.421
   340000  -1825.480
   341000  -1796.871
   342000  -1755.346
   343000  -1810.667
   344000  -1740.737
   345000  -1719.684
   346000  -1736.954
   347000  -1727.751
   348000  -1821.583
   349000  -1825.513
   350000  -1783.372
   351000  -1783.090
   352000  -1743.107
   353000  -1790.010
   354000  -1749.376
   355000  -1770.740
   356000  -1785.220
   357000  -1717.207
   358000  -1663.811
   359000  -1701.566
   360000  -1711.179
   361000  -1719.696
   362000  -1704.396
   363000  -1667.150
   364000  -1742.187
   365000  -1729.864
   366000  -1724.559
   367000  -1730.231
   368000  -1706.758
   369000  -1771.800
   370000  -1785.150
   371000  -1710.121
   372000  -1695.978
   373000  -1712.529
   374000  -1759.234
   375000  -1792.585
   376000  -1751.661
   377000  -1813.332
   378000  -1752.545
   379000  -1723.705
   380000  -1783.870
   381000  -1739.113
   382000  -1737.637
   383000  -1662.520
   384000  -1725.260
   385000  -1763.300
   386000  -1748.028
   387000  -1698.572
   388000  -1722.086
   389000  -1718.378
   390000  -1715.496
   391000  -1716.355
   392000  -1795.105
   393000  -1765.894
   394000  -1787.163
   395000  -1795.778
   396000  -1802.219
   397000  -1721.464
   398000  -1741.329
   399000  -1734.880
   400000  -1764.023
   401000  -1740.011
   402000  -1755.646
   403000  -1721.577
   404000  -1793.790
   405000  -1754.813
   406000  -1767.193
   407000  -1693.464
   408000  -1773.754
   409000  -1806.291
   410000  -1837.234
   411000  -1839.105
   412000  -1840.764
   413000  -1832.388
   414000  -1809.847
   415000  -1781.547
   416000  -1877.230
   417000  -1803.289
   418000  -1876.081
   419000  -1825.796
   420000  -1792.782
   421000  -1741.417
   422000  -1720.311
   423000  -1811.418
   424000  -1764.136
   425000  -1788.463
   426000  -1739.056
   427000  -1780.179
   428000  -1800.439
   429000  -1808.453
   430000  -1838.708
   431000  -1819.780
   432000  -1737.520
   433000  -1811.461
   434000  -1827.286
   435000  -1818.443
   436000  -1746.225
   437000  -1819.252
   438000  -1799.634
   439000  -1759.607
   440000  -1789.320
   441000  -1782.865
   442000  -1838.021
   443000  -1829.929
   444000  -1865.877
   445000  -1863.421
   446000  -1828.174
   447000  -1803.270
   448000  -1807.333
   449000  -1830.696
   450000  -1861.189
   451000  -1849.528
   452000  -1869.043
   453000  -1813.376
   454000  -1728.388
   455000  -1717.100
   456000  -1840.154
   457000  -1841.890
   458000  -1869.810
   459000  -1842.296
   460000  -1864.355
   461000  -1771.118
   462000  -1767.803
   463000  -1745.388
   464000  -1743.437
   465000  -1776.974
   466000  -1778.591
   467000  -1782.530
   468000  -1765.632
   469000  -1707.007
   470000  -1712.234
   471000  -1733.807
   472000  -1789.246
   473000  -1768.524
   474000  -1766.145
   475000  -1784.226
   476000  -1766.431
   477000  -1782.658
   478000  -1821.889
   479000  -1738.304
   480000  -1728.495
   481000  -1795.565
   482000  -1800.611
   483000  -1797.319
   484000  -1832.504
   485000  -1827.439
   486000  -1747.449
   487000  -1698.581
   488000  -1747.592
   489000  -1746.438
   490000  -1790.285
   491000  -1774.738
   492000  -1748.546
   493000  -1761.736
   494000  -1724.691
   495000  -1697.483
   496000  -1716.574
   497000  -1696.635
   498000  -1686.999
   499000  -1669.768
   500000  -1740.255
   501000  -1709.772
   502000  -1743.814
   503000  -1703.672
   504000  -1708.030
   505000  -1718.903
   506000  -1737.123
   507000  -1737.548
   508000  -1721.781
   509000  -1730.412
   510000  -1714.219
   511000  -1753.909
   512000  -1692.625
   513000  -1640.462
   514000  -1679.954
   515000  -1720.292
   516000  -1709.812
   517000  -1758.257
   518000  -1722.940
   519000  -1760.145
   520000  -1784.201
   521000  -1694.428
   522000  -1681.461
   523000  -1695.070
   524000  -1667.706
   525000  -1677.807
   526000  -1714.578
   527000  -1706.959
   528000  -1680.554
   529000  -1691.681
   530000  -1731.339
   531000  -1708.331
   532000  -1694.208
   533000  -1722.094
   534000  -1735.328
   535000  -1744.241
   536000  -1743.519
   537000  -1778.688
   538000  -1741.833
   539000  -1771.470
   540000  -1702.673
   541000  -1749.104
   542000  -1752.588
   543000  -1747.974
   544000  -1733.103
   545000  -1668.622
   546000  -1767.365
   547000  -1769.615
   548000  -1701.572
   549000  -1709.426
   550000  -1702.664
   551000  -1735.911
   552000  -1702.598
   553000  -1737.079
   554000  -1771.182
   555000  -1751.745
   556000  -1686.538
   557000  -1693.923
   558000  -1663.238
   559000  -1724.593
   560000  -1793.843
   561000  -1687.418
   562000  -1704.266
   563000  -1778.516
   564000  -1715.970
   565000  -1739.524
   566000  -1782.522
   567000  -1773.536
   568000  -1798.767
   569000  -1748.721
   570000  -1755.396
   571000  -1793.419
   572000  -1781.572
   573000  -1780.606
   574000  -1793.817
   575000  -1767.313
   576000  -1800.938
   577000  -1825.910
   578000  -1821.639
   579000  -1807.067
   580000  -1838.882
   581000  -1838.183
   582000  -1787.727
   583000  -1710.226
   584000  -1812.893
   585000  -1804.754
   586000  -1812.877
   587000  -1764.636
   588000  -1814.055
   589000  -1763.486
   590000  -1722.187
   591000  -1726.369
   592000  -1756.345
   593000  -1748.657
   594000  -1739.174
   595000  -1755.826
   596000  -1769.291
   597000  -1809.922
   598000  -1846.861
   599000  -1810.410
   600000  -1811.837
   601000  -1785.561
   602000  -1809.305
   603000  -1815.177
   604000  -1779.574
   605000  -1769.515
   606000  -1797.917
   607000  -1737.997
   608000  -1727.603
   609000  -1700.168
   610000  -1711.966
   611000  -1755.388
   612000  -1750.888
   613000  -1683.065
   614000  -1768.765
   615000  -1775.975
   616000  -1827.606
   617000  -1821.969
   618000  -1790.995
   619000  -1767.232
   620000  -1759.476
   621000  -1824.592
   622000  -1775.109
   623000  -1812.669
   624000  -1721.667
   625000  -1845.887
   626000  -1831.415
   627000  -1709.770
   628000  -1718.396
   629000  -1741.350
   630000  -1777.917
   631000  -1720.471
   632000  -1713.649
   633000  -1667.864
   634000  -1687.193
   635000  -1823.014
   636000  -1803.159
   637000  -1773.513
   638000  -1774.383
   639000  -1782.587
   640000  -1814.715
   641000  -1755.747
   642000  -1736.479
   643000  -1798.441
   644000  -1773.087
   645000  -1732.718
   646000  -1686.041
   647000  -1726.535
   648000  -1712.041
   649000  -1711.763
   650000  -1759.038
   651000  -1818.854
   652000  -1810.597
   653000  -1794.271
   654000  -1790.100
   655000  -1753.926
   656000  -1821.436
   657000  -1815.920
   658000  -1778.001
   659000  -1798.184
   660000  -1809.912
   661000  -1750.458
   662000  -1739.959
   663000  -1722.309
   664000  -1652.740
   665000  -1665.622
   666000  -1733.640
   667000  -1767.076
   668000  -1737.046
   669000  -1769.219
   670000  -1781.910
   671000  -1806.532
   672000  -1798.602
   673000  -1760.084
   674000  -1783.650
   675000  -1789.971
   676000  -1725.669
   677000  -1751.501
   678000  -1760.877
   679000  -1784.761
   680000  -1784.859
   681000  -1802.414
   682000  -1771.090
   683000  -1769.212
   684000  -1734.175
   685000  -1710.360
   686000  -1752.906
   687000  -1729.506
   688000  -1758.351
   689000  -1756.351
   690000  -1752.168
   691000  -1755.941
   692000  -1812.290
   693000  -1807.607
   694000  -1889.395
   695000  -1841.263
   696000  -1832.451
   697000  -1794.697
   698000  -1839.999
   699000  -1748.374
   700000  -1757.817
   701000  -1816.683
   702000  -1831.244
   703000  -1829.646
   704000  -1761.801
   705000  -1722.699
   706000  -1744.106
   707000  -1726.101
   708000  -1760.369
   709000  -1749.616
   710000  -1751.140
   711000  -1818.006
   712000  -1768.332
   713000  -1744.615
   714000  -1771.794
   715000  -1826.448
   716000  -1828.720
   717000  -1847.078
   718000  -1818.080
   719000  -1841.973
   720000  -1840.804
   721000  -1830.083
   722000  -1849.295
   723000  -1790.169
   724000  -1776.665
   725000  -1767.280
   726000  -1816.428
   727000  -1774.285
   728000  -1740.984
   729000  -1797.697
   730000  -1819.969
   731000  -1824.960
   732000  -1847.860
   733000  -1883.309
   734000  -1860.397
   735000  -1875.945
   736000  -1833.060
   737000  -1831.868
   738000  -1783.074
   739000  -1752.046
   740000  -1767.957
   741000  -1790.477
   742000  -1740.802
   743000  -1710.317
   744000  -1748.921
   745000  -1748.885
   746000  -1767.474
   747000  -1709.142
   748000  -1760.941
   749000  -1789.202
   750000  -1746.111
   751000  -1776.069
   752000  -1753.427
   753000  -1787.940
   754000  -1831.871
   755000  -1804.641
   756000  -1816.939
   757000  -1854.126
   758000  -1782.357
   759000  -1738.221
   760000  -1770.413
   761000  -1781.933
   762000  -1805.433
   763000  -1801.537
   764000  -1773.092
   765000  -1749.050
   766000  -1791.781
   767000  -1784.324
   768000  -1722.097
   769000  -1732.632
   770000  -1705.490
   771000  -1724.864
   772000  -1718.807
   773000  -1757.340
   774000  -1734.579
   775000  -1765.104
   776000  -1670.711
   777000  -1677.166
   778000  -1703.263
   779000  -1714.636
   780000  -1680.252
   781000  -1760.298
   782000  -1740.280
   783000  -1734.288
   784000  -1707.019
   785000  -1768.307
   786000  -1744.441
   787000  -1753.130
   788000  -1768.657
   789000  -1744.579
   790000  -1826.289
   791000  -1866.745
   792000  -1839.190
   793000  -1779.742
   794000  -1801.595
   795000  -1811.825
   796000  -1791.250
   797000  -1769.531
   798000  -1797.818
   799000  -1834.760
   800000  -1851.831
   801000  -1806.266
   802000  -1843.477
   803000  -1850.629
   804000  -1755.503
   805000  -1839.346
   806000  -1805.179
   807000  -1827.626
   808000  -1797.700
   809000  -1847.005
   810000  -1862.787
   811000  -1818.534
   812000  -1835.294
   813000  -1781.463
   814000  -1793.834
   815000  -1819.329
   816000  -1845.422
   817000  -1840.586
   818000  -1868.724
   819000  -1906.773
   820000  -1894.140
   821000  -1838.196
   822000  -1829.190
   823000  -1808.435
   824000  -1808.285
   825000  -1781.842
   826000  -1806.294
   827000  -1793.867
   828000  -1726.709
   829000  -1722.491
   830000  -1762.364
   831000  -1736.421
   832000  -1759.223
   833000  -1825.129
   834000  -1813.172
   835000  -1737.409
   836000  -1746.455
   837000  -1748.777
   838000  -1752.343
   839000  -1752.707
   840000  -1758.976
   841000  -1745.914
   842000  -1811.888
   843000  -1766.731
   844000  -1681.720
   845000  -1741.889
   846000  -1744.116
   847000  -1723.009
   848000  -1702.005
   849000  -1659.858
   850000  -1690.097
   851000  -1729.770
   852000  -1733.321
   853000  -1728.097
   854000  -1674.886
   855000  -1665.466
   856000  -1728.849
   857000  -1755.727
   858000  -1779.596
   859000  -1742.439
   860000  -1752.966
   861000  -1721.029
   862000  -1769.335
   863000  -1710.433
   864000  -1703.704
   865000  -1748.835
   866000  -1699.063
   867000  -1677.286
   868000  -1703.410
   869000  -1679.010
   870000  -1743.490
   871000  -1769.603
   872000  -1741.593
   873000  -1716.817
   874000  -1680.050
   875000  -1710.207
   876000  -1750.035
   877000  -1726.668
   878000  -1742.992
   879000  -1730.380
   880000  -1753.519
   881000  -1707.890
   882000  -1757.568
   883000  -1783.817
   884000  -1737.733
   885000  -1770.154
   886000  -1791.638
   887000  -1837.136
   888000  -1807.014
   889000  -1798.726
   890000  -1793.907
   891000  -1774.053
   892000  -1740.193
   893000  -1716.844
   894000  -1703.981
   895000  -1756.030
   896000  -1788.298
   897000  -1817.536
   898000  -1796.124
   899000  -1789.347
   900000  -1790.452
   901000  -1766.901
   902000  -1808.387
   903000  -1808.310
   904000  -1779.063
   905000  -1756.927
   906000  -1732.012
   907000  -1811.005
   908000  -1826.161
   909000  -1798.262
   910000  -1790.604
   911000  -1842.170
   912000  -1834.480
   913000  -1860.970
   914000  -1807.376
   915000  -1823.518
   916000  -1790.864
   917000  -1797.669
   918000  -1804.953
   919000  -1840.897
   920000  -1782.286
   921000  -1838.009
   922000  -1812.196
   923000  -1795.289
   924000  -1742.872
   925000  -1745.065
   926000  -1813.898
   927000  -1768.664
   928000  -1696.432
   929000  -1735.184
   930000  -1732.989
   931000  -1762.204
   932000  -1785.389
   933000  -1811.893
   934000  -1787.297
   935000  -1826.870
   936000  -1745.772
   937000  -1774.116
   938000  -1795.628
   939000  -1748.143
   940000  -1801.203
   941000  -1812.869
   942000  -1827.494
   943000  -1785.708
   944000  -1827.164
   945000  -1872.792
   946000  -1868.788
   947000  -1861.958
   948000  -1932.738
   949000  -1894.685
   950000  -1873.142
   951000  -1813.523
   952000  -1850.518
   953000  -1819.315
   954000  -1796.186
   955000  -1810.341
   956000  -1821.340
   957000  -1823.138
   958000  -1821.233
   959000  -1792.833
   960000  -1755.840
   961000  -1782.922
   962000  -1745.564
   963000  -1778.779
   964000  -1755.745
   965000  -1758.272
   966000  -1750.942
   967000  -1776.374
   968000  -1756.445
   969000  -1740.586
   970000  -1763.979
   971000  -1791.694
   972000  -1762.049
   973000  -1735.623
   974000  -1743.364
   975000  -1751.737
   976000  -1755.577
   977000  -1749.802
   978000  -1775.079
   979000  -1768.716
   980000  -1742.982
   981000  -1708.467
   982000  -1753.998
   983000  -1787.868
   984000  -1704.419
   985000  -1741.005
   986000  -1740.843
   987000  -1815.700
   988000  -1802.451
   989000  -1766.520
   990000  -1788.480
   991000  -1759.917
   992000  -1810.463
   993000  -1799.343
   994000  -1766.456
   995000  -1769.867
   996000  -1743.515
   997000  -1747.094
   998000  -1746.602
   999000  -1730.788
  1000000  -1735.275
  1001000  -1735.989
  1002000  -1678.108
  1003000  -1692.342
  1004000  -1733.393
  1005000  -1752.923
  1006000  -1768.648
  1007000  -1747.004
  1008000  -1780.174
  1009000  -1740.066
  1010000  -1780.014
  1011000  -1732.564
  1012000  -1723.535
  1013000  -1726.946
  1014000  -1672.264
  1015000  -1651.362
  1016000  -1694.919
  1017000  -1736.346
  1018000  -1779.363
  1019000  -1725.199
  1020000  -1734.749
  1021000  -1796.235
  1022000  -1747.452
  1023000  -1786.623
  1024000  -1741.588
  1025000  -1734.011
  1026000  -1726.090
  1027000  -1719.324
  1028000  -1705.911
  1029000  -1755.350
  1030000  -1780.712
  1031000  -1749.214
  1032000  -1739.007
  1033000  -1724.802
  1034000  -1671.487
  1035000  -1700.411
  1036000  -1751.183
  1037000  -1751.988
  1038000  -1705.429
  1039000  -1756.020
  1040000  -1780.927
  1041000  -1796.584
  1042000  -1781.222
  1043000  -1721.438
  1044000  -1763.646
  1045000  -1794.072
  1046000  -1802.774
  1047000  -1777.497
  1048000  -1747.178
  1049000  -1794.255
  1050000  -1665.904
  1051000  -1796.383
  1052000  -1780.204
  1053000  -1751.650
  1054000  -1781.283
  1055000  -1760.825
  1056000  -1711.131
  1057000  -1756.420
  1058000  -1744.723
  1059000  -1695.643
  1060000  -1772.596
  1061000  -1676.237
  1062000  -1667.821
  1063000  -1727.682
  1064000  -1724.253
  1065000  -1672.513
  1066000  -1685.390
  1067000  -1743.933
  1068000  -1692.849
  1069000  -1671.534
  1070000  -1678.055
  1071000  -1738.219
  1072000  -1716.198
  1073000  -1688.358
  1074000  -1716.184
  1075000  -1762.256
  1076000  -1725.681
  1077000  -1711.404
  1078000  -1686.406
  1079000  -1690.472
  1080000  -1679.693
  1081000  -1708.405
  1082000  -1694.864
  1083000  -1682.872
  1084000  -1712.167
  1085000  -1738.286
  1086000  -1741.496
  1087000  -1766.010
  1088000  -1771.482
  1089000  -1765.138
  1090000  -1818.670
  1091000  -1795.199
  1092000  -1786.827
  1093000  -1819.261
  1094000  -1757.455
  1095000  -1768.455
  1096000  -1794.647
  1097000  -1833.596
  1098000  -1771.230
  1099000  -1764.940
  1100000  -1755.100
  1101000  -1766.105
  1102000  -1747.422
  1103000  -1695.151
  1104000  -1688.329
  1105000  -1716.186
  1106000  -1719.193
  1107000  -1725.459
  1108000  -1793.866
  1109000  -1784.451
  1110000  -1802.700
  1111000  -1812.157
  1112000  -1779.476
  1113000  -1786.308
  1114000  -1753.993
  1115000  -1724.302
  1116000  -1737.393
  1117000  -1780.272
  1118000  -1778.493
  1119000  -1793.103
  1120000  -1817.541
  1121000  -1798.679
  1122000  -1850.458
  1123000  -1829.142
  1124000  -1774.957
  1125000  -1808.554
  1126000  -1814.701
  1127000  -1785.116
  1128000  -1800.515
  1129000  -1827.966
  1130000  -1788.668
  1131000  -1812.578
  1132000  -1829.261
  1133000  -1849.842
  1134000  -1800.898
  1135000  -1838.631
  1136000  -1865.705
  1137000  -1803.796
  1138000  -1773.552
  1139000  -1805.400
  1140000  -1772.500
  1141000  -1760.411
  1142000  -1703.279
  1143000  -1729.645
  1144000  -1688.439
  1145000  -1733.343
  1146000  -1731.452
  1147000  -1669.688
  1148000  -1663.146
  1149000  -1681.584
  1150000  -1690.884
  1151000  -1686.129
  1152000  -1720.892
  1153000  -1763.594
  1154000  -1792.350
  1155000  -1725.509
  1156000  -1736.589
  1157000  -1746.847
  1158000  -1762.484
  1159000  -1749.854
  1160000  -1732.279
  1161000  -1711.382
  1162000  -1724.404
  1163000  -1705.991
  1164000  -1692.780
  1165000  -1718.722
  1166000  -1712.769
  1167000  -1789.682
  1168000  -1734.267
  1169000  -1737.382
  1170000  -1730.797
  1171000  -1753.946
  1172000  -1769.345
  1173000  -1772.594
  1174000  -1727.922
  1175000  -1721.388
  1176000  -1792.745
  1177000  -1757.959
  1178000  -1794.820
  1179000  -1807.684
  1180000  -1757.547
  1181000  -1721.393
  1182000  -1765.072
  1183000  -1812.655
  1184000  -1787.878
  1185000  -1796.851
  1186000  -1817.740
  1187000  -1790.238
  1188000  -1738.319
  1189000  -1796.613
  1190000  -1827.252
  1191000  -1767.220
  1192000  -1816.284
  1193000  -1788.371
  1194000  -1798.881
  1195000  -1751.073
  1196000  -1721.082
  1197000  -1736.299
  1198000  -1737.388
  1199000  -1725.479
  1200000  -1750.680
  1201000  -1804.480
  1202000  -1795.442
  1203000  -1762.310
  1204000  -1728.236
  1205000  -1733.321
  1206000  -1684.594
  1207000  -1679.286
  1208000  -1713.297
  1209000  -1739.108
  1210000  -1765.316
  1211000  -1697.247
  1212000  -1747.861
  1213000  -1674.620
  1214000  -1720.777
  1215000  -1771.362
  1216000  -1781.467
  1217000  -1799.152
  1218000  -1806.148
  1219000  -1788.618
  1220000  -1793.008
  1221000  -1781.096
  1222000  -1786.200
  1223000  -1797.384
  1224000  -1778.779
  1225000  -1785.066
  1226000  -1756.043
  1227000  -1717.037
  1228000  -1800.106
  1229000  -1836.051
  1230000  -1813.249
  1231000  -1813.283
  1232000  -1818.883
  1233000  -1854.460
  1234000  -1794.633
  1235000  -1749.989
  1236000  -1733.072
  1237000  -1732.677
  1238000  -1763.701
  1239000  -1713.133
  1240000  -1792.656
  1241000  -1794.232
  1242000  -1750.245
  1243000  -1765.093
  1244000  -1836.102
  1245000  -1820.140
  1246000  -1884.121
  1247000  -1792.428
  1248000  -1722.470
  1249000  -1752.828
  1250000  -1746.096
  1251000  -1713.332
  1252000  -1657.111
  1253000  -1662.877
  1254000  -1717.930
  1255000  -1650.453
  1256000  -1711.123
  1257000  -1791.979
  1258000  -1827.537
  1259000  -1778.874
  1260000  -1740.894
  1261000  -1650.140
  1262000  -1710.018
  1263000  -1712.994
  1264000  -1769.379
  1265000  -1789.627
  1266000  -1747.562
  1267000  -1716.882
  1268000  -1712.044
  1269000  -1759.712
  1270000  -1717.430
  1271000  -1723.080
  1272000  -1701.715
  1273000  -1717.175
  1274000  -1754.936
  1275000  -1735.716
  1276000  -1754.863
  1277000  -1767.678
  1278000  -1733.589
  1279000  -1727.255
  1280000  -1745.294
  1281000  -1738.360
  1282000  -1727.486
  1283000  -1767.289
  1284000  -1765.100
  1285000  -1777.598
  1286000  -1767.667
  1287000  -1773.530
  1288000  -1821.936
  1289000  -1822.307
  1290000  -1803.460
  1291000  -1815.364
  1292000  -1810.486
  1293000  -1764.041
  1294000  -1715.528
  1295000  -1729.373
  1296000  -1718.725
  1297000  -1765.205
  1298000  -1758.038
  1299000  -1692.228
  1300000  -1727.963
  1301000  -1761.670
  1302000  -1772.425
  1303000  -1763.957
  1304000  -1751.756
  1305000  -1738.902
  1306000  -1774.215
  1307000  -1774.379
  1308000  -1764.479
  1309000  -1748.747
  1310000  -1780.613
  1311000  -1783.925
  1312000  -1740.785
  1313000  -1707.173
  1314000  -1710.995
  1315000  -1760.880
  1316000  -1782.765
  1317000  -1752.280
  1318000  -1741.272
  1319000  -1707.516
  1320000  -1675.380
  1321000  -1706.348
  1322000  -1709.223
  1323000  -1710.454
  1324000  -1716.102
  1325000  -1718.494
  1326000  -1741.728
  1327000  -1728.682
  1328000  -1772.380
  1329000  -1797.423
  1330000  -1725.020
  1331000  -1787.767
  1332000  -1791.205
  1333000  -1771.275
  1334000  -1752.523
  1335000  -1731.064
  1336000  -1734.808
  1337000  -1753.663
  1338000  -1781.969
  1339000  -1818.825
  1340000  -1776.059
  1341000  -1825.107
  1342000  -1732.848
  1343000  -1753.616
  1344000  -1741.898
  1345000  -1801.001
  1346000  -1800.310
  1347000  -1741.861
  1348000  -1763.751
  1349000  -1747.113
  1350000  -1767.330
  1351000  -1816.133
  1352000  -1806.321
  1353000  -1848.960
  1354000  -1840.724
  1355000  -1888.544
  1356000  -1927.004
  1357000  -1925.119
  1358000  -1877.503
  1359000  -1791.319
  1360000  -1802.034
  1361000  -1825.483
  1362000  -1821.004
  1363000  -1823.801
  1364000  -1848.072
  1365000  -1835.972
  1366000  -1891.252
  1367000  -1843.507
  1368000  -1794.457
  1369000  -1790.470
  1370000  -1768.556
  1371000  -1701.294
  1372000  -1721.942
  1373000  -1728.375
  1374000  -1767.184
  1375000  -1802.855
  1376000  -1780.024
  1377000  -1774.854
  1378000  -1768.268
  1379000  -1767.704
  1380000  -1756.357
  1381000  -1743.823
  1382000  -1760.717
  1383000  -1782.765
  1384000  -1844.577
  1385000  -1801.810
  1386000  -1792.569
  1387000  -1689.710
  1388000  -1735.460
  1389000  -1723.866
  1390000  -1763.393
  1391000  -1808.622
  1392000  -1834.468
  1393000  -1876.206
  1394000  -1846.057
  1395000  -1818.052
  1396000  -1800.835
  1397000  -1703.335
  1398000  -1740.472
  1399000  -1728.626
  1400000  -1735.513
  1401000  -1739.458
  1402000  -1769.330
  1403000  -1780.935
  1404000  -1830.939
  1405000  -1798.902
  1406000  -1818.435
  1407000  -1823.372
  1408000  -1731.229
  1409000  -1721.546
  1410000  -1686.012
  1411000  -1753.481
  1412000  -1780.071
  1413000  -1716.305
  1414000  -1775.285
  1415000  -1767.339
  1416000  -1756.930
  1417000  -1804.210
  1418000  -1838.874
  1419000  -1737.203
  1420000  -1722.486
  1421000  -1752.258
  1422000  -1815.785
  1423000  -1791.013
  1424000  -1741.708
  1425000  -1687.193
  1426000  -1737.016
  1427000  -1735.551
  1428000  -1767.759
  1429000  -1731.729
  1430000  -1754.714
  1431000  -1684.089
  1432000  -1707.927
  1433000  -1737.271
  1434000  -1685.157
  1435000  -1725.923
  1436000  -1777.169
  1437000  -1764.586
  1438000  -1700.711
  1439000  -1695.205
  1440000  -1788.819
  1441000  -1761.813
  1442000  -1725.116
  1443000  -1750.798
  1444000  -1774.272
  1445000  -1724.698
  1446000  -1651.092
  1447000  -1641.138
  1448000  -1768.386
  1449000  -1797.378
  1450000  -1716.011
  1451000  -1719.824
  1452000  -1757.526
  1453000  -1721.653
  1454000  -1735.857
  1455000  -1738.247
  1456000  -1714.425
  1457000  -1757.524
  1458000  -1783.925
  1459000  -1811.089
  1460000  -1765.154
  1461000  -1764.914
  1462000  -1734.025
  1463000  -1754.899
  1464000  -1823.793
  1465000  -1825.330
  1466000  -1774.541
  1467000  -1744.826
  1468000  -1770.252
  1469000  -1789.627
  1470000  -1775.640
  1471000  -1723.523
  1472000  -1790.136
  1473000  -1791.729
  1474000  -1855.059
  1475000  -1760.926
  1476000  -1731.930
  1477000  -1693.879
  1478000  -1739.232
  1479000  -1712.000
  1480000  -1768.950
  1481000  -1743.578
  1482000  -1700.560
  1483000  -1763.038
  1484000  -1755.257
  1485000  -1761.453
  1486000  -1753.782
  1487000  -1750.228
  1488000  -1788.074
  1489000  -1695.700
  1490000  -1765.070
  1491000  -1758.891
  1492000  -1761.129
  1493000  -1773.727
  1494000  -1731.244
  1495000  -1724.739
  1496000  -1754.143
  1497000  -1744.063
  1498000  -1771.298
  1499000  -1801.345
  1500000  -1715.491
  1501000  -1675.349
  1502000  -1716.240
  1503000  -1745.865
  1504000  -1736.438
  1505000  -1782.076
  1506000  -1764.460
  1507000  -1802.585
  1508000  -1807.115
  1509000  -1873.729
  1510000  -1818.514
  1511000  -1742.030
  1512000  -1687.998
  1513000  -1737.573
  1514000  -1759.772
  1515000  -1747.656
  1516000  -1695.951
  1517000  -1707.762
  1518000  -1705.531
  1519000  -1764.884
  1520000  -1774.873
  1521000  -1709.647
  1522000  -1639.222
  1523000  -1753.293
  1524000  -1732.249
  1525000  -1683.145
  1526000  -1792.487
  1527000  -1800.335
  1528000  -1797.304
  1529000  -1757.979
  1530000  -1792.412
  1531000  -1839.049
  1532000  -1798.787
  1533000  -1795.724
  1534000  -1856.790
  1535000  -1821.019
  1536000  -1804.295
  1537000  -1805.378
  1538000  -1812.840
  1539000  -1767.820
  1540000  -1796.927
  1541000  -1779.564
  1542000  -1733.391
  1543000  -1762.781
  1544000  -1750.622
  1545000  -1784.707
  1546000  -1721.885
  1547000  -1775.501
  1548000  -1749.276
  1549000  -1707.710
  1550000  -1748.168
  1551000  -1716.865
  1552000  -1766.592
  1553000  -1847.225
  1554000  -1831.356
  1555000  -1794.448
  1556000  -1764.589
  1557000  -1726.102
  1558000  -1711.118
  1559000  -1756.860
  1560000  -1690.809
  1561000  -1650.725
  1562000  -1702.353
  1563000  -1657.315
  1564000  -1698.895
  1565000  -1723.698
  1566000  -1779.041
  1567000  -1811.302
  1568000  -1810.707
  1569000  -1806.398
  1570000  -1826.741
  1571000  -1799.259
  1572000  -1785.355
  1573000  -1817.556
  1574000  -1848.459
  1575000  -1766.737
  1576000  -1787.219
  1577000  -1818.331
  1578000  -1893.172
  1579000  -1836.072
  1580000  -1844.593
  1581000  -1820.603
  1582000  -1775.605
  1583000  -1808.430
  1584000  -1872.657
  1585000  -1845.348
  1586000  -1890.099
  1587000  -1846.707
  1588000  -1791.684
  1589000  -1750.822
  1590000  -1763.002
  1591000  -1750.744
  1592000  -1775.615
  1593000  -1749.541
  1594000  -1765.431
  1595000  -1740.187
  1596000  -1762.593
  1597000  -1735.366
  1598000  -1724.908
  1599000  -1720.254
  1600000  -1651.563
  1601000  -1719.301
  1602000  -1737.775
  1603000  -1778.623
  1604000  -1758.221
  1605000  -1749.640
  1606000  -1792.939
  1607000  -1803.306
  1608000  -1765.947
  1609000  -1772.134
  1610000  -1759.531
  1611000  -1774.577
  1612000  -1823.094
  1613000  -1794.016
  1614000  -1775.233
  1615000  -1767.952
  1616000  -1763.666
  1617000  -1756.408
  1618000  -1750.723
  1619000  -1710.934
  1620000  -1731.110
  1621000  -1741.682
  1622000  -1775.913
  1623000  -1840.869
  1624000  -1826.649
  1625000  -1810.092
  1626000  -1763.741
  1627000  -1754.315
  1628000  -1781.528
  1629000  -1773.908
  1630000  -1788.145
  1631000  -1790.593
  1632000  -1805.317
  1633000  -1808.015
  1634000  -1751.778
  1635000  -1782.796
  1636000  -1752.183
  1637000  -1809.082
  1638000  -1751.607
  1639000  -1761.408
  1640000  -1812.738
  1641000  -1768.328
  1642000  -1798.374
  1643000  -1709.472
  1644000  -1726.696
  1645000  -1754.916
  1646000  -1740.818
  1647000  -1750.969
  1648000  -1740.655
  1649000  -1703.912
  1650000  -1758.208
  1651000  -1786.309
  1652000  -1785.246
  1653000  -1755.214
  1654000  -1720.163
  1655000  -1744.896
  1656000  -1731.397
  1657000  -1734.323
  1658000  -1758.717
  1659000  -1755.805
  1660000  -1747.180
  1661000  -1732.743
  1662000  -1771.998
  1663000  -1777.762
  1664000  -1786.542
  1665000  -1716.449
  1666000  -1695.773
  1667000  -1710.820
  1668000  -1703.213
  1669000  -1772.785
  1670000  -1744.116
  1671000  -1828.358
  1672000  -1769.417
  1673000  -1774.242
  1674000  -1795.371
  1675000  -1750.774
  1676000  -1783.746
  1677000  -1756.483
  1678000  -1756.912
  1679000  -1757.862
  1680000  -1669.308
  1681000  -1789.023
  1682000  -1822.502
  1683000  -1772.204
  1684000  -1783.675
  1685000  -1816.392
  1686000  -1832.815
  1687000  -1851.343
  1688000  -1768.050
  1689000  -1801.255
  1690000  -1772.253
  1691000  -1757.905
  1692000  -1783.810
  1693000  -1800.182
  1694000  -1736.491
  1695000  -1711.948
  1696000  -1749.324
  1697000  -1731.656
  1698000  -1776.160
  1699000  -1739.175
  1700000  -1745.156
  1701000  -1780.922
  1702000  -1767.233
  1703000  -1735.780
  1704000  -1784.368
  1705000  -1798.868
  1706000  -1839.274
  1707000  -1795.116
  1708000  -1820.371
  1709000  -1765.052
  1710000  -1785.728
  1711000  -1793.734
  1712000  -1742.186
  1713000  -1743.997
  1714000  -1741.506
  1715000  -1688.697
  1716000  -1660.947
  1717000  -1701.707
  1718000  -1744.678
  1719000  -1739.619
  1720000  -1739.918
  1721000  -1816.919
  1722000  -1779.870
  1723000  -1728.489
  1724000  -1702.570
  1725000  -1707.416
  1726000  -1822.604
  1727000  -1813.177
  1728000  -1791.249
  1729000  -1799.359
  1730000  -1818.501
  1731000  -1783.417
  1732000  -1795.105
  1733000  -1803.663
  1734000  -1777.014
  1735000  -1805.854
  1736000  -1740.458
  1737000  -1710.619
  1738000  -1749.744
  1739000  -1741.226
  1740000  -1714.204
  1741000  -1696.852
  1742000  -1692.464
  1743000  -1729.136
  1744000  -1712.491
  1745000  -1732.225
  1746000  -1673.582
  1747000  -1711.824
  1748000  -1739.575
  1749000  -1738.228
  1750000  -1758.605
  1751000  -1742.811
  1752000  -1739.601
  1753000  -1708.333
  1754000  -1744.985
  1755000  -1765.321
  1756000  -1729.345
  1757000  -1756.779
  1758000  -1712.333
  1759000  -1702.969
  1760000  -1715.967
  1761000  -1698.573
  1762000  -1737.556
  1763000  -1747.806
  1764000  -1762.849
  1765000  -1735.225
  1766000  -1806.766
  1767000  -1807.751
  1768000  -1860.823
  1769000  -1846.824
  1770000  -1785.658
  1771000  -1818.270
  1772000  -1784.661
  1773000  -1796.370
  1774000  -1813.099
  1775000  -1762.095
  1776000  -1778.012
  1777000  -1788.044
  1778000  -1766.934
  1779000  -1822.117
  1780000  -1798.855
  1781000  -1798.281
  1782000  -1779.679
  1783000  -1800.013
  1784000  -1740.316
  1785000  -1746.049
  1786000  -1728.651
  1787000  -1744.934
  1788000  -1720.107
  1789000  -1734.954
  1790000  -1748.377
  1791000  -1790.035
  1792000  -1736.873
  1793000  -1663.932
  1794000  -1676.086
  1795000  -1695.094
  1796000  -1750.162
  1797000  -1753.638
  1798000  -1740.733
  1799000  -1722.751
  1800000  -1753.850
  1801000  -1771.317
  1802000  -1778.091
  1803000  -1734.091
  1804000  -1754.230
  1805000  -1705.184
  1806000  -1785.051
  1807000  -1799.597
  1808000  -1799.278
  1809000  -1731.925
  1810000  -1766.160
  1811000  -1754.663
  1812000  -1816.497
  1813000  -1770.298
  1814000  -1757.314
  1815000  -1761.761
  1816000  -1754.186
  1817000  -1791.203
  1818000  -1742.396
  1819000  -1735.714
  1820000  -1714.548
  1821000  -1697.268
  1822000  -1735.480
  1823000  -1721.830
  1824000  -1722.567
  1825000  -1736.774
  1826000  -1757.635
  1827000  -1766.491
  1828000  -1778.201
  1829000  -1728.122
  1830000  -1757.165
  1831000  -1818.366
  1832000  -1831.438
  1833000  -1793.660
  1834000  -1768.752
  1835000  -1796.050
  1836000  -1720.926
  1837000  -1753.028
  1838000  -1753.651
  1839000  -1750.747
  1840000  -1713.854
  1841000  -1733.409
  1842000  -1670.760
  1843000  -1682.506
  1844000  -1780.319
  1845000  -1777.423
  1846000  -1799.451
  1847000  -1812.983
  1848000  -1791.439
  1849000  -1803.709
  1850000  -1898.013
  1851000  -1831.828
  1852000  -1808.291
  1853000  -1890.440
  1854000  -1828.573
  1855000  -1794.521
  1856000  -1794.860
  1857000  -1802.319
  1858000  -1791.529
  1859000  -1741.986
  1860000  -1680.312
  1861000  -1777.084
  1862000  -1727.561
  1863000  -1786.123
  1864000  -1765.191
  1865000  -1789.119
  1866000  -1827.318
  1867000  -1745.206
  1868000  -1799.347
  1869000  -1748.492
  1870000  -1773.054
  1871000  -1807.299
  1872000  -1802.917
  1873000  -1783.870
  1874000  -1788.187
  1875000  -1699.447
  1876000  -1780.049
  1877000  -1750.096
  1878000  -1753.166
  1879000  -1739.089
  1880000  -1812.900
  1881000  -1803.106
  1882000  -1744.114
  1883000  -1750.707
  1884000  -1737.679
  1885000  -1712.558
  1886000  -1769.287
  1887000  -1757.868
  1888000  -1785.197
  1889000  -1772.700
  1890000  -1769.350
  1891000  -1721.889
  1892000  -1740.514
  1893000  -1738.314
  1894000  -1779.489
  1895000  -1802.598
  1896000  -1798.126
  1897000  -1773.865
  1898000  -1719.541
  1899000  -1712.645
  1900000  -1713.883
  1901000  -1786.196
  1902000  -1787.808
  1903000  -1808.629
  1904000  -1794.859
  1905000  -1806.572
  1906000  -1792.687
  1907000  -1765.355
  1908000  -1739.644
  1909000  -1717.448
  1910000  -1801.166
  1911000  -1754.126
  1912000  -1808.737
  1913000  -1685.501
  1914000  -1695.342
  1915000  -1768.883
  1916000  -1681.896
  1917000  -1736.576
  1918000  -1777.300
  1919000  -1762.974
  1920000  -1715.622
  1921000  -1738.131
  1922000  -1693.612
  1923000  -1740.495
  1924000  -1672.003
  1925000  -1752.222
  1926000  -1756.430
  1927000  -1779.620
  1928000  -1792.536
  1929000  -1747.052
  1930000  -1802.009
  1931000  -1752.511
  1932000  -1742.993
  1933000  -1748.646
  1934000  -1786.544
  1935000  -1757.490
  1936000  -1730.699
  1937000  -1740.595
  1938000  -1748.490
  1939000  -1740.213
  1940000  -1788.652
  1941000  -1786.700
  1942000  -1789.968
  1943000  -1800.142
  1944000  -1737.569
  1945000  -1772.376
  1946000  -1744.427
  1947000  -1722.874
  1948000  -1721.987
  1949000  -1763.404
  1950000  -1746.480
  1951000  -1758.430
  1952000  -1819.681
  1953000  -1811.824
  1954000  -1814.373
  1955000  -1788.254
  1956000  -1795.664
  1957000  -1816.007
  1958000  -1737.514
  1959000  -1738.592
  1960000  -1742.824
  1961000  -1788.955
  1962000  -1791.312
  1963000  -1813.718
  1964000  -1787.857
  1965000  -1779.325
  1966000  -1764.206
  1967000  -1750.426
  1968000  -1753.696
  1969000  -1766.625
  1970000  -1732.103
  1971000  -1726.978
  1972000  -1695.509
  1973000  -1708.098
  1974000  -1714.770
  1975000  -1736.965
  1976000  -1781.438
  1977000  -1788.900
  1978000  -1770.451
  1979000  -1781.219
  1980000  -1795.545
  1981000  -1761.479
  1982000  -1738.085
  1983000  -1764.000
  1984000  -1738.830
  1985000  -1829.536
  1986000  -1854.762
  1987000  -1766.213
  1988000  -1824.923
  1989000  -1786.496
  1990000  -1777.149
  1991000  -1783.181
  1992000  -1719.950
  1993000  -1690.208
  1994000  -1737.343
  1995000  -1766.099
  1996000  -1708.238
  1997000  -1673.409
  1998000  -1710.695
  1999000  -1801.096
  2000000  -1808.275
